15
4 1 2 3 5 0 6 7 8 9 10 11 12 13 14 15
4 1 2 3 5 9 6 7 8 10 0 11 12 13 14 15
4 1 2 3 5 9 6 7 8 10 14 11 12 13 15 0
0 1 9 7 11 13 5 3 14 12 4 2 8 6 10 15
6 0 5 10 11 12 9 2 1 7 4 3 14 8 13 15
10 0 2 4 5 1 6 12 11 13 9 7 15 3 14 8
9 8 0 2 15 1 4 14 3 10 7 5 11 13 6 12
0 13 2 4 12 14 6 9 15 1 10 3 11 5 8 7
0 11 3 12 5 2 1 9 8 10 14 15 7 4 13 6
3 14 9 11 5 4 8 2 13 12 6 7 10 1 15 0
1 3 2 5 10 9 15 6 8 14 13 11 12 4 7 0
4 5 7 2 9 14 12 13 0 3 6 11 8 1 15 10
4 7 14 13 10 3 9 12 11 5 6 15 1 2 8 0
6 12 11 3 13 7 9 15 2 14 8 10 4 1 5 0
14 13 15 7 11 12 9 5 6 0 2 1 4 8 10 3
