#! FIELDS time cv1 sigma_cv1 height biasf
#! SET multivariate false
#! SET kerneltype gaussian
     100.000000     -2.000000      0.350000      1.200000     10.000000
     200.000000     -0.800000      0.350000      1.100000     10.000000
     300.000000      0.300000      0.350000      0.950000     10.000000
     400.000000      1.500000      0.350000      0.870000     10.000000
     500.000000      2.800000      0.350000      0.800000     10.000000
     600.000000     -1.200000      0.350000      0.740000     10.000000
     700.000000      0.900000      0.350000      0.680000     10.000000
     800.000000     -2.700000      0.350000      0.630000     10.000000
