1 1.4961614016396960e+12 1.3318242171938891e+01 7.6400648583370128e+01 -8.4624203955526605e+20 -9.7267316824929993e+19 -3.9786345166040070e+25 8.5518808516459799e+27 -7.1304963429789423e+33 1
2 5.3719065302356640e+32 -2.5347462895382042e+09 -3.2320080256493230e+28 -7.0491295475057450e+03 -6.8902150136125088e+06 -2.2756820423879327e+11 7.8213531273971216e+16 4.0918854118598287e+05 1
3 -3.0174266862446611e+17 2.8960665483660479e+04 4.4484367798766268e+29 2.2180528833652939e+28 -2.6170993871069467e+05 -1.0945358513792351e+04 3.9602653300726183e+20 1.3484076773268453e+03 1
4 1.3156801618834456e+17 1.4741628654609657e+25 2.4648049422065914e+10 2.8916655435939677e+23 -1.5869270805359201e-03 -4.4397191566378944e+17 1.4120891447719849e+10 -8.7951610704529375e+13 1
5 -5.3261461492120296e+07 5.8037128896158516e-02 3.1489522914416782e+23 -1.0151896120411152e+23 3.6024417330116944e-04 3.9591569287271597e+12 -5.0808331380276608e+24 -1.2525993522692469e+25 -1
6 5.2685873362592753e+21 -9.3702003441581705e+28 -3.2885067239067850e+15 1.5775879992616045e+29 -1.7037762905011953e+28 -5.0490503584326418e+20 8.1047819190345346e+29 1.8338316220285582e-04 1
7 -2.1803935586702738e+25 4.7932045456624233e+24 -8.5431760978014500e+14 1.6416647266939648e+12 2.1171088242334023e+09 2.5318803316116232e+33 2.3244831872388044e+21 6.7694705979774080e+30 1
8 1.9622394058108155e+04 3.6020998493502179e-04 -5.9563408005056519e+11 -5.7033141523096798e-02 -2.5268048500708491e+19 -4.9082442030147166e-02 3.2947079252817697e+26 -2.4160329549375672e+18 1
9 6.1740121863446562e+12 5.4613896346145868e+08 -7.6189186127142029e-04 1.7325415566116972e+16 1.9766882836009194e+31 1.7040782752074660e+18 5.9232466323606897e+22 1.0137803923519623e-03 -1
10 -7.5922728104924238e-04 -5.7198419919812950e+14 3.5214292116508896e+21 1.4561461137896329e+11 3.7012852768023707e+07 2.9725726647960533e+00 -4.8008710123127464e+25 2.9035808316536648e+04 -1
11 -4.3531973309506762e+08 3.1641614858204021e+09 1.4959158720414041e+00 3.2221508225836679e-03 -2.4300937668706796e+16 2.8427316714141101e+29 -1.7947774192106602e+19 -9.6633998985023936e+01 -1
12 1.7544282312441907e+09 -1.6381852387618426e+25 1.6288133704568727e+02 -3.6336139558233643e-02 -2.6791247858395129e+29 -1.5222430437130349e+32 -2.2770673203021448e+21 -1.9922927681157283e+27 1
13 7.4717947054323084e+31 1.7808684806907993e+32 -1.0459268553010823e+27 2.2845925900648746e-02 2.3259874234421215e+30 -7.8756024034312905e+24 -2.5881131597045046e+00 -6.0632246340440051e+05 1
14 -1.2866310297969819e+32 -2.0866536998545304e+22 -2.0733326051206544e+14 -5.1490888530104126e+10 -2.1955311292625469e+32 4.4233207695140266e+08 -1.3888082973524135e+23 -6.4397976857319394e+23 -1
15 -3.2135023636077930e+11 -4.6355270417884185e+34 -8.4849974839611220e+30 -1.4743882108457007e+22 -3.1589658585941698e+30 6.4773691820529500e+19 -3.0094072311163435e+32 -9.6648282120603399e+04 1
16 1.4044994636892540e+29 -4.7776286788197928e+24 -7.5413026420650482e+00 6.3590628910673112e+07 -1.1862196862486435e+27 -1.5733279423267087e+28 2.4187768133345606e+17 1.9594216058716285e+32 -1
17 -3.2439766416214772e+33 -4.2056966011877938e+14 6.2563133750416230e+17 -1.0611028323720903e+26 -4.2828437170015210e+11 1.7986975617607590e+02 6.4411420794020580e+15 -8.4382966270272908e-01 -1
18 -5.7312282707342422e+08 3.2122080981987720e+15 9.9939852835490112e+17 2.7542146518589466e-01 2.3575567519991142e+08 1.0944907493679889e+05 7.8505261492865694e+33 5.5816560349662381e+21 1
19 1.5722762847051551e+31 -5.4468526727973175e+20 -1.6606582445150359e+21 -5.5091117343386315e+25 1.3039827154148022e+32 -1.1271229605541565e+23 6.6186557670702881e+10 3.0196196138944038e+02 -1
20 -5.2096764119596473e+20 2.0860442976611709e-03 1.7524363664092760e+15 -3.7696920220153049e+07 1.3656984859546518e+05 -1.1351935174325351e+06 -1.6729859489569325e+14 -2.0239017890154155e+01 1
21 2.6161244463338734e-01 -6.3317190036045726e+31 -1.6771198755137243e+09 2.9021312221812448e+27 1.0007888724938493e+03 4.5495518919584462e+20 -4.1289682029000688e+19 5.4646962897050333e+08 -1
22 3.8317940605233618e+21 4.7900108958319969e+24 2.2496796420344461e+33 2.0597657122578348e+18 -1.4157067016042304e+16 1.2200588019122578e+27 4.7225722843345240e+30 -1.3569252334354327e+09 1
23 -1.4789154958701525e+28 -2.7759263109745711e+07 -4.8144353992849667e+27 1.2205194897106289e+18 -4.7690270207505076e-03 -1.0799826445693886e+28 -3.5951607278920985e+15 -3.4724453911654373e+23 1
24 3.5990455437187390e+15 -6.8375634576270276e+11 1.1736946193184044e+00 -6.1671982501475623e+25 8.6549471045329584e+31 -2.8149943320610810e+25 7.2768694144522228e-01 6.5356179839492310e+06 -1
25 1.3148761486453700e+22 -2.9776181126570545e-04 -1.1989608042768683e+29 -8.7094205928583887e+11 1.0758825430227386e+30 5.7493486612157799e+27 -9.0034811208469873e+03 1.4641112113901776e+16 -1
26 -4.7915461918555066e+27 1.5538603250277992e+24 2.4362912509688736e+23 -7.0274418609237850e+14 4.2928299194574393e-01 -4.8756408405061904e+02 -1.2780679392743271e+05 -2.3878669185881958e+17 1
27 -4.8965611274882333e+28 -1.5776636308750323e+01 -2.0563674035191055e+15 3.8082354871044810e-03 5.5405411451567517e+04 9.4254653769902834e+03 2.1285936578455944e+18 -7.7344960441708679e+09 -1
28 -1.0602000690890682e+32 -1.5616364828529591e+01 -1.6360546499664990e+31 -4.6609043113142428e+23 -2.2301305491130719e+13 -4.8041099061276243e+34 -1.7197145672115657e+04 -4.3270648434905907e+17 1
29 -3.2679051664573961e+31 6.4598040417294248e+12 -6.8927356184424786e+30 8.8719217189228766e+02 -1.4254868751956294e+17 -6.4878856734239375e+34 -1.4720241807884394e+24 2.2997211312906881e+34 1
30 1.0538775197017539e-01 1.7965133993244024e+16 -4.4261645126551543e+12 1.4077195473841712e+03 1.6145934384456114e+05 7.5336135450723007e+21 8.8920297512938646e+02 -1.2164084989998301e+00 1
31 -1.6064075675776949e+09 -5.6459564472191071e+10 -1.0182828396799837e+02 6.7268253275786150e+15 -1.4180140696922041e+21 3.3910768534247385e+04 7.8637241321219482e+12 1.4190596421669102e+33 -1
32 -5.9294110966175583e+10 5.3626727339877546e+08 -1.0227433359556212e-02 -3.6339288756449718e+09 -5.1302632992030950e+14 -2.8296163149977157e+04 -1.9773087354834495e+27 5.2396084203190369e+10 1
33 -1.5349053786045342e+23 3.1297459056289426e+30 -6.2733380566449761e+06 -1.2679175560247507e-03 -1.1578768466001247e+02 1.3752877808012168e-01 -3.5456536220397771e+24 -2.3419466428674909e+00 -1
34 2.5711332724362364e+04 -7.8302271783762086e+28 -3.5337890227442285e+17 5.5735190706553568e+16 5.6352050366138423e+31 5.2600183715064774e+09 1.1439898207394141e+12 4.4849044099699691e-04 -1
35 1.6278466619732873e+09 1.9156750795540493e+03 -5.3409701803800032e+26 -1.2274131251923090e+16 -6.3973160715925565e+04 -6.4568351857395591e+25 1.2586626014951394e+12 1.2250413325849036e-01 -1
36 4.9735389003735087e-02 -7.7304905058540696e+32 -7.6366429173350295e+20 -1.6194996667805340e+22 2.8909730211282770e+33 -1.1169603050049417e+24 -2.3278529053583791e+22 1.4666637346459541e+13 1
37 1.5815415250205704e+19 -4.5057482953834219e+05 2.9977261021995510e+01 6.2907093223939812e+10 -5.6160236776482250e+15 -8.7984416498676437e+03 -4.8295272566090903e+30 -3.4549187374965457e+29 -1
38 -1.1861506429114074e+22 1.4769503839436710e+25 -9.6298011458375535e-04 -1.7313876680770449e-02 -1.4412642001507118e+20 3.4892907927547797e+24 1.3785553457384664e+27 1.8093215462124315e+30 -1
39 -2.7147642831991786e+08 4.0093630406871024e+30 5.1151943461432747e-01 3.4658494936315100e+25 4.1062699217486217e+19 -4.6598719230117064e+16 6.1509912980525079e+28 2.7581240719370803e-01 1
40 -1.8237140025593656e+29 -1.3439352041233529e+31 -1.6287575940850454e+12 -1.9243939141825717e+21 2.1564009452771416e+12 1.0716458511762697e+14 -2.0045538131685345e+28 -4.6285941170641595e+31 -1
41 1.0835501730538522e+17 -2.6238691316196131e+04 2.5191989642678236e+03 9.6949088920192013e+28 3.7338235729238167e-02 1.9485801945141296e+10 -2.4987767954692094e+13 2.9794470856388909e+05 -1
42 1.9751433728859254e+26 9.0542548864245252e-04 2.7476597935488982e+21 4.3964930613910091e-01 1.1572061053232637e+06 2.3557052131695511e+33 -5.5987242844004720e+07 -8.1663539486490073e+20 1
43 5.4207083312587751e+19 -8.5770175753741036e+18 -2.3058107819070690e+05 1.1069973706808710e+33 2.2916587387885068e-01 -9.1845369977868750e+12 -5.3024062143997002e+10 -1.3617316563890813e+32 -1
44 -6.4276057096702082e+29 -5.2210968637432463e+19 -1.1772749936657451e+20 7.9186644631028805e+30 -4.6997654672911144e+14 -1.0701416340493153e-02 2.2576108255306458e+18 1.4971763430802660e+32 1
45 -3.3019865607812698e+10 5.0880806443061706e-02 1.5599880256735787e+01 -3.4150089476705983e+20 1.7259317668403927e+29 -1.7457913404986307e+00 -1.3529007951322142e+34 2.0654540657875037e+09 -1
46 2.3470101291229498e+17 -1.6047229836975323e+01 -1.2537420944277817e+11 2.7312803687393510e+17 8.6553924731172301e+18 7.6908733291182448e+32 -1.8348545365597420e+28 -5.0244145268007714e+23 1
47 6.8014500005062842e+28 5.8737459222164249e+08 2.8563760575682878e+08 3.8654855596756922e+13 3.4258919481683397e+08 1.8254864564930918e+17 8.0786288135313886e+31 -9.0535688054463844e+21 1
48 8.4965803289364602e-04 -2.6934976131753808e+32 1.0349762950399333e-01 2.7160201415645855e+30 -9.7649274557134529e+31 1.1113092952241650e+26 -9.7721776171115504e-01 2.4637382543349078e+33 -1
49 7.6694472151093592e+04 4.4046228195460939e+27 -4.2214553034141942e+18 1.9011749642724883e+12 6.0858708343131629e+20 -6.0164884995939945e+00 -6.6137454973258859e+13 -1.1789578405507033e+05 -1
50 1.4553820060129023e+13 1.6393144787898215e+01 -1.1075903643470548e-03 -3.4228618987072917e+29 2.1014301602769523e+00 -2.7647425063786249e+09 6.6843985835014206e+33 5.0375808477961573e+02 1
51 1.3036327127234758e+17 1.0556244095031116e+16 -1.8279249852218887e+29 7.1336548272127792e-02 -1.8734533610724999e+00 -8.1469116357256520e+18 -5.5027349756946186e+19 9.8841475332616168e+25 1
52 2.8104901552012001e+18 -2.5398848760184703e+14 5.8268925893777014e+26 -6.1089445560300018e+26 -2.7110893156781350e+02 -2.0973571379845392e+24 4.6966358135043192e+16 3.7942649811885934e+24 1
53 6.2808837755560819e+23 2.7834876148443354e+34 -1.3106487380249396e+08 -3.1179073536408799e+27 -3.9370621426934704e+16 8.1354712140016658e+25 -1.2261608045371220e+19 -2.6200295716558849e-02 1
54 4.3377029423989043e+18 6.9668544333829105e-04 5.9053565496697790e+19 9.6827934142705198e+27 1.1525226199688626e+21 -4.2723997309345328e+13 2.4088920714213048e+18 6.9699934994828642e+24 -1
55 -1.4122549293382772e+27 -5.3173798853465684e+00 -8.7612641509760309e+26 -2.0105379806477704e-02 3.9380429271544518e-02 4.7467292862340291e+04 1.7863887705879554e+19 4.6308290039904449e+10 1
56 3.6877568036030285e+17 -2.6552901465058550e+07 3.1147537752294835e-03 3.8794191192702958e+00 7.9050253091637561e+11 -6.8022747755700867e+10 -3.5360624365289420e+34 1.4604956673082223e+09 -1
57 -4.1093223069908910e+25 6.8049411493812500e+13 -1.0214397098126107e+20 -2.2359067188164983e+25 6.5530595037148262e+10 -2.4205669964098246e+02 -4.1310445979389444e-04 -3.5499905829952543e+26 -1
58 -2.4283261773289045e+25 -2.8676017991184793e+13 -7.9044214993225804e+25 3.1455383428153334e+18 5.4777128896972775e+07 1.8229796647374215e+21 7.2459548256305802e-03 -2.8878698751998512e+13 1
59 -7.3117522536098375e+13 1.7744004091392459e+14 1.6751556033993721e+28 2.7348402161727631e+14 2.6266680649816209e+01 2.0480034538362950e+07 5.2378444734638278e+22 1.7939742330110972e+23 -1
60 -2.8260816112557855e+19 -1.9431396371020766e+20 2.8993797656352441e+06 8.2372221073127909e+30 -7.6074108136313690e+23 1.6180475483915996e+20 -6.6488166127957115e+09 5.4639932058511043e+08 1
61 -1.1721165733341397e-03 -2.0854909576268838e+14 2.7301558111827329e-01 3.6641777362961607e+27 -1.2880329643313178e+31 2.2517511558354777e+20 1.9534049584976557e+08 -9.4040950508943155e+17 -1
62 -2.2424539362591969e+19 4.5267852134191379e+07 9.3679681455006008e+09 1.4088270788948749e+11 -1.4331160919372114e+24 1.6605267732585800e+14 -1.8231242655606925e+22 1.2155062452901101e+12 1
63 -3.3298443713923889e+10 -3.6828661241339432e+28 2.9382158449665376e+01 -3.2105666790572158e+06 -7.1559232268148032e+16 1.6749499904861500e+14 -3.2900624487127945e+27 -1.2113008415801755e+26 -1
64 -1.5761635027224411e+10 -8.6573526803479719e+04 6.8398297887340176e+12 -2.0961488941457977e+34 1.0712689405477077e+32 -1.1910644483052486e+27 -1.9184474158339948e+11 -1.2905400811470620e+28 1
65 6.9438267533407764e+12 5.9423794161034721e+01 6.3022589724000361e+20 1.0777401901482095e+27 2.5404072852064266e+14 -1.9936502364660585e+18 -2.0738492172110171e+33 4.0789798681002915e+08 1
66 -3.8448991854349273e+01 -1.2346059467843953e+29 -4.2551054024610871e+21 -9.4004052365655289e+10 1.3034719163657340e+34 6.1592052607715620e+26 -1.9253891413949900e+31 -1.2635911295360408e+01 1
67 9.7282049255615543e+05 -4.9329978308411263e-04 7.5593724639406351e+31 1.3666719604983426e+22 8.4501997861890569e+07 -1.3384603448702672e+06 -4.4046866819554769e+14 -1.5818562552348894e+03 1
68 1.0706247728503862e+04 -1.7461451009381350e+26 3.7349397119125453e+32 7.8098238155973942e+21 -8.3889318620490414e+00 9.2430877429895438e+06 6.5850257093861542e+09 5.7749538403378056e-03 1
69 -4.0110447363098478e-01 4.3924703626621646e+04 1.5196201464272640e+23 1.9463763789284510e+15 1.2371195633862212e+25 -2.0796602038048000e+15 -1.2025302780953925e-01 3.5007385417260605e+18 1
70 6.4911261040316334e+22 1.1637597469004763e+00 -5.6537090099799982e+18 -3.6623147979105986e-01 4.7298873831958936e+24 1.3384214813008242e+09 -1.2477269312124477e+04 5.4844993201498692e+30 -1
71 -2.8783470919998008e+16 5.4170696894779480e+15 -2.6984221589283920e+15 5.5129683058661394e+03 1.0619359832948243e+05 -1.6200603502361050e+10 -6.2330025523989846e+05 7.1192543807719863e+04 1
72 8.9915907552940251e+00 5.1433460746674951e+11 -2.7258051752969158e+29 9.2816954949773048e-04 6.2379587890318899e+03 4.2175927624576758e+13 -7.7569064704795754e+34 -5.1290003058604316e+03 1
73 -2.5132639342711456e+26 -1.1864547228277621e+20 -5.8960331289061458e+27 1.4649471489585596e+11 1.5418459241077370e+17 -8.5605048877339450e-04 1.9405992574264718e+23 -2.6122543307991225e+32 1
74 -1.7289051929177091e+21 4.7732335376155909e-04 3.1203012585512898e+01 -1.1134005036406377e+01 -1.5805806225560008e+15 4.6706785986219589e+10 1.0573929314845367e+02 -2.2213401102134050e+01 1
75 9.4329364147046931e+01 -2.3674096671762996e+34 -8.8196680934065208e+21 2.3570734114286411e+05 -4.0562883088727618e+20 3.8984983620238354e-04 -2.2615695384112936e+21 -1.2627604317061311e+08 -1
76 1.0133188379755980e+02 6.3314701191967826e+18 7.9053334209656344e-03 7.3549059464259248e+23 4.1931666314284695e+27 7.0184580973524065e+24 -7.4183166994948920e+15 -4.0200542620884542e+09 1
77 2.2968864859828837e+06 4.7764944868771090e+29 7.1825965024417249e-01 1.6640132860629855e+32 3.5619592293618761e+26 5.7428972975919210e+19 9.1845829279918050e+00 -2.9807389733360491e+34 1
78 -8.7862418963723377e-03 -4.4291529752716317e-05 -1.0005856341896947e+07 3.7999582922474098e+08 -2.5514197196252168e+16 -1.2093988807124446e+17 7.1180048091153819e-04 9.6698273623481995e+10 -1
79 7.7517516807422901e+23 3.6515782751360240e+16 -1.8479831856010235e+26 -3.3729228403562988e+12 -4.5980250942423423e+04 1.6521396261342409e+31 -3.5090478550541531e+13 2.0196828929194678e+04 -1
80 -2.7582450258663535e+20 -1.5665233713925605e+12 -6.4113135476914577e+09 -5.4815809339511226e+33 -1.4266646792388784e+32 3.7330384339885876e+11 -1.8405185385725265e+06 6.7189014827983795e+17 1
81 -7.0636295120013431e-02 4.7846820869589573e+08 -9.7754442282175709e+23 -1.0226951011482975e+04 -1.6659577681002596e-03 -5.6326148102984977e+25 -1.0027014332215504e+10 1.8390298317732592e+09 -1
82 4.3722867450890303e+07 -1.1760457756018599e+00 1.4414467186260471e+23 6.4792647274182836e+23 4.2183288715977405e+01 1.2020631640971428e+08 -5.8571297896741500e+14 -2.2628501037606669e+24 -1
83 9.6705330608164036e+02 -3.3899845241577864e+08 -1.3830209564518361e+32 4.6565588354888860e+15 3.2392849860672492e+18 6.4848143852166367e+12 2.0436202189598616e+23 1.5927735396634643e-03 1
84 -1.6550590076554794e-01 -6.4464773830433200e+14 9.0131162466515891e+20 -2.1381702124504869e-03 -3.0843142163418224e+29 -8.7502522852360969e+05 7.6478799388599097e-03 5.4458632494267487e+11 1
85 3.2037909215050321e+22 -1.3128412606150508e+06 -1.2147718025506201e+08 7.0771617986461865e+02 -1.3179972383383944e-02 4.1101892471455912e+00 -1.7044252916248877e+02 1.0230530827732164e+13 1
86 -7.8037666775912730e+04 3.7660441958000335e+20 -1.1447039101093257e+27 7.7030749181844483e-04 2.6140018563166589e+11 -1.0570804127599472e+24 3.0064074145919776e+03 2.6290597721549984e+00 1
87 -1.8635942199927726e+04 -7.6884727647621910e+23 8.6695633551231660e+24 1.4482948924432834e+23 3.3339892427308172e+33 -5.3350827580129379e-02 4.6683229422040533e+00 -1.3516399848825539e+19 1
88 5.7138286232665337e+01 7.6474042195365968e+04 -1.1450789159979955e+30 -5.6399486633617781e+13 -1.7538632456798736e+17 3.8418208775447414e+25 -5.2519705575629381e+27 1.9731344128441719e+27 -1
89 -1.6242406138125120e+10 -8.1707378931001702e+04 -4.1198431041788507e+29 3.6915595622666295e+30 3.5785566344082222e+25 -1.5277744609923997e+04 -9.9823758050790161e+01 5.6060925978162643e+06 -1
90 -4.8259158583780788e+01 -2.1406081294901334e+14 7.5861996392236892e+26 -2.4202994776127827e+30 2.5624416847351193e+07 9.1481646208189216e-02 -1.0221279667348988e+14 -4.2030330014475083e+12 -1
91 -2.6799990961743108e+27 1.8398864499447401e-01 -8.4985557878429346e+11 4.6543266722420685e+02 -8.3909901361418527e+21 2.1403363932995598e+29 -5.1474072608637274e+17 -1.4300242227853592e+04 1
92 -6.8159224819908505e-04 -3.3260585834621935e+22 -3.2057246533974939e+11 -1.7959677157342355e+02 -2.6255013398567753e+22 2.2271652476958326e+22 1.3178413172192007e-04 -4.6747838957317500e+14 1
93 -3.5439210566540735e-01 -1.0895911698499596e+26 -1.0605156893510059e-01 -1.8809493614822430e+15 2.8502367960439071e+31 4.0329443716150125e+13 7.2569593346002166e+19 -1.2465644083863149e+28 1
94 -4.8780929516409657e+00 -2.2347142978370562e+07 -1.7595506526175022e+00 -5.2302126103845226e+21 -1.7611960158132231e+12 -8.7060747076925240e+32 -1.1957757681127989e+09 -2.0334823257359594e+30 -1
95 3.7537243825662109e+12 -8.9450647564699500e+14 -1.1525534640350998e+27 2.5338005504854011e+22 -1.7677442410080342e+16 -8.3198171599427030e+02 -9.9227602516177782e-01 -4.5301904221036845e+21 -1
96 3.3480056788882884e+27 -1.0920080162929022e+15 1.2702442707989911e+11 -2.7703794977747521e+02 6.0178344558361768e+32 -4.1909427007040938e+14 -2.3359231852541948e+06 -9.2340618319812241e+09 1
97 2.1104904785276160e+11 -3.1311261138067493e+01 -6.5498625311811177e+26 -4.6209657737969142e+24 1.2882453856143347e+32 -5.8629568694946878e-02 -3.6478995047710840e+11 3.7633389560048447e+00 -1
98 5.0564409519420659e+33 8.4836124989487150e+14 -2.3023963931983211e+32 2.2141669797221452e+22 -3.3843399903768099e+23 2.6313443621180356e+06 5.8351025667660405e+25 -5.4444116601960019e-04 1
99 1.7127641084688950e+25 9.1574194735128510e+20 7.3417874726187885e+07 1.1233078827711252e+22 7.1198183593005384e+19 -2.0296327650240924e+04 -9.5459450131632206e-03 -9.4599700386904576e+17 -1
100 -4.4408439856694851e-04 2.6802742198083725e+09 -9.0471719832074020e+25 6.1542140441946808e-04 -8.1548563938038161e+26 6.8665665178053036e+09 -5.0381177132082858e+33 1.9711000808371475e+10 1
