1 1.4961614016396960e+12 -2.5541490932981474e+21 -7.1304963429789423e+33 7.6400648583370128e+01 1.3318242171938891e+01 -6.1986719548825266e+28 -9.7267316824929993e+19 -8.4624203955526605e+20 5.3719065302356640e+32 8.5518808516459799e+27 -3.9786345166040070e+25 -3.2320080256493230e+28 -1
2 -6.8902150136125088e+06 -7.0491295475057450e+03 -3.0174266862446611e+17 7.8213531273971216e+16 -2.2756820423879327e+11 4.4484367798766268e+29 -1.7140592168677645e+09 4.0918854118598287e+05 -2.6170993871069467e+05 -2.5347462895382042e+09 -1.0808120086807690e+15 3.9602653300726183e+20 -1
3 -3.2695859635782457e+04 1.3484076773268453e+03 -1.5869270805359201e-03 2.8960665483660479e+04 2.5780054545604253e+04 1.4120891447719849e+10 2.2180528833652939e+28 1.3156801618834456e+17 3.2444102789765900e+16 -1.0945358513792351e+04 2.4648049422065914e+10 1.4741628654609657e+25 1
4 2.8916655435939677e+23 -5.3261461492120296e+07 7.6100475863973300e+14 -4.4397191566378944e+17 3.1489522914416782e+23 5.8037128896158516e-02 -8.7951610704529375e+13 3.6024417330116944e-04 -1.0151896120411152e+23 -2.8689941572862873e+09 -5.0808331380276608e+24 3.9591569287271597e+12 -1
5 -1.2525993522692469e+25 -1.7037762905011953e+28 1.5775879992616045e+29 1.1632720582572828e-01 8.1047819190345346e+29 -5.0490503584326418e+20 5.2685873362592753e+21 -5.8728275136852593e+04 1.8338316220285582e-04 -3.2885067239067850e+15 -9.3702003441581705e+28 -3.3520249957417876e+25 -1
6 -2.1803935586702738e+25 1.0643328232578197e+09 6.7694705979774080e+30 -8.5431760978014500e+14 4.7932045456624233e+24 1.0312869808533996e-02 2.1171088242334023e+09 1.6416647266939648e+12 1.9622394058108155e+04 2.3244831872388044e+21 2.5318803316116232e+33 -5.9563408005056519e+11 1
7 -2.5268048500708491e+19 -5.7033141523096798e-02 6.1740121863446562e+12 3.2947079252817697e+26 -4.9082442030147166e-02 -7.6189186127142029e-04 2.1371942918250064e-02 -2.4160329549375672e+18 1.9766882836009194e+31 3.6020998493502179e-04 1.8602591563951280e+21 5.9232466323606897e+22 1
8 -3.2831616281537759e+08 1.0137803923519623e-03 3.7012852768023707e+07 5.4613896346145868e+08 8.1042581368612492e+08 -4.8008710123127464e+25 1.7325415566116972e+16 -7.5922728104924238e-04 5.1154864874223063e-03 1.7040782752074660e+18 3.5214292116508896e+21 -5.7198419919812950e+14 1
9 1.4561461137896329e+11 -4.3531973309506762e+08 -2.3188731660760640e+15 2.9725726647960533e+00 1.4959158720414041e+00 3.1641614858204021e+09 2.9035808316536648e+04 -2.4300937668706796e+16 3.2221508225836679e-03 -5.7342114429781921e+24 -1.7947774192106602e+19 2.8427316714141101e+29 -1
10 -9.6633998985023936e+01 -2.6791247858395129e+29 -3.6336139558233643e-02 -1.4290677293548254e+02 -2.2770673203021448e+21 -1.5222430437130349e+32 1.7544282312441907e+09 -3.9768908828523358e+30 -1.9922927681157283e+27 1.6288133704568727e+02 -1.6381852387618426e+25 6.9085239940534943e+10 1
11 7.4717947054323084e+31 -1.6456720815443866e+18 -6.0632246340440051e+05 -1.0459268553010823e+27 1.7808684806907993e+32 -3.9273695084592151e+24 2.3259874234421215e+30 2.2845925900648746e-02 -1.2866310297969819e+32 -2.5881131597045046e+00 -7.8756024034312905e+24 -2.0733326051206544e+14 -1
12 -2.1955311292625469e+32 -5.1490888530104126e+10 -3.2135023636077930e+11 -1.3888082973524135e+23 4.4233207695140266e+08 -8.4849974839611220e+30 1.0207386752495583e+32 -6.4397976857319394e+23 -3.1589658585941698e+30 -2.0866536998545304e+22 -3.7000717068711086e+18 -3.0094072311163435e+32 -1
13 5.4101172567220736e+08 -9.6648282120603399e+04 -1.1862196862486435e+27 -4.6355270417884185e+34 -4.4629595589349997e-04 2.4187768133345606e+17 -1.4743882108457007e+22 1.4044994636892540e+29 1.6436587293818882e+34 6.4773691820529500e+19 -7.5413026420650482e+00 -4.7776286788197928e+24 1
14 6.3590628910673112e+07 -3.2439766416214772e+33 2.7804211108468414e+34 -1.5733279423267087e+28 6.2563133750416230e+17 -4.2056966011877938e+14 1.9594216058716285e+32 -4.2828437170015210e+11 -1.0611028323720903e+26 -4.5175850828490832e+24 6.4411420794020580e+15 1.7986975617607590e+02 1
15 -8.4382966270272908e-01 2.3575567519991142e+08 2.7542146518589466e-01 4.4765290238874485e+20 7.8505261492865694e+33 1.0944907493679889e+05 -5.7312282707342422e+08 5.5789022941860040e+01 5.5816560349662381e+21 9.9939852835490112e+17 3.2122080981987720e+15 5.2612611116838828e+00 -1
16 1.5722762847051551e+31 8.8897460193998337e+07 3.0196196138944038e+02 -1.6606582445150359e+21 -5.4468526727973175e+20 -1.2280338374688192e+17 1.3039827154148022e+32 -5.5091117343386315e+25 -5.2096764119596473e+20 6.6186557670702881e+10 -1.1271229605541565e+23 1.7524363664092760e+15 -1
17 1.3656984859546518e+05 -3.7696920220153049e+07 2.6161244463338734e-01 -1.6729859489569325e+14 -1.1351935174325351e+06 -1.6771198755137243e+09 3.5023045366118747e+25 -2.0239017890154155e+01 1.0007888724938493e+03 2.0860442976611709e-03 3.7499165599647758e+13 -4.1289682029000688e+19 -1
18 -6.5146468842178650e+14 5.4646962897050333e+08 -1.4157067016042304e+16 -6.3317190036045726e+31 -4.3954744064858734e+13 4.7225722843345240e+30 2.9021312221812448e+27 3.8317940605233618e+21 2.6895233658586000e+13 4.5495518919584462e+20 2.2496796420344461e+33 4.7900108958319969e+24 -1
19 2.0597657122578348e+18 -1.4789154958701525e+28 -3.8282005263754000e+15 1.2200588019122578e+27 -4.8144353992849667e+27 -2.7759263109745711e+07 -1.3569252334354327e+09 -4.7690270207505076e-03 1.2205194897106289e+18 -5.8012308670538451e-04 -3.5951607278920985e+15 -1.0799826445693886e+28 1
20 -3.4724453911654373e+23 8.6549471045329584e+31 -6.1671982501475623e+25 2.0713369682307812e+11 7.2768694144522228e-01 -2.8149943320610810e+25 3.5990455437187390e+15 1.3109443767655400e+33 6.5356179839492310e+06 1.1736946193184044e+00 -6.8375634576270276e+11 1.0885622435439228e+02 -1
21 1.3148761486453700e+22 1.5857389067884142e+33 1.4641112113901776e+16 -1.1989608042768683e+29 -2.9776181126570545e-04 1.3271471339657583e+02 1.0758825430227386e+30 -8.7094205928583887e+11 -4.7915461918555066e+27 -9.0034811208469873e+03 5.7493486612157799e+27 2.4362912509688736e+23 -1
22 4.2928299194574393e-01 -7.0274418609237850e+14 -4.8965611274882333e+28 -1.2780679392743271e+05 -4.8756408405061904e+02 -2.0563674035191055e+15 1.9765853248683317e+30 -2.3878669185881958e+17 5.5405411451567517e+04 1.5538603250277992e+24 3.7936903160740769e+00 2.1285936578455944e+18 -1
23 -6.3052568655661889e+03 -7.7344960441708679e+09 -2.2301305491130719e+13 -1.5776636308750323e+01 -6.7940552832286693e+06 -1.7197145672115657e+04 3.8082354871044810e-03 -1.0602000690890682e+32 1.6078744838384980e+00 9.4254653769902834e+03 -1.6360546499664990e+31 -1.5616364828529591e+01 -1
24 -4.6609043113142428e+23 -3.2679051664573961e+31 1.4158682284250964e+27 -4.8041099061276243e+34 -6.8927356184424786e+30 6.4598040417294248e+12 -4.3270648434905907e+17 -1.4254868751956294e+17 8.8719217189228766e+02 -6.1320011890821239e+31 -1.4720241807884394e+24 -6.4878856734239375e+34 -1
25 2.2997211312906881e+34 1.6145934384456114e+05 1.4077195473841712e+03 -2.3906545898625154e+01 8.8920297512938646e+02 7.5336135450723007e+21 1.0538775197017539e-01 8.7831206061402099e+02 -1.2164084989998301e+00 -4.4261645126551543e+12 1.7965133993244024e+16 4.0426172254722023e+09 1
26 -1.6064075675776949e+09 3.6146529419414664e+32 1.4190596421669102e+33 -1.0182828396799837e+02 -5.6459564472191071e+10 8.6760339034802872e+18 -1.4180140696922041e+21 6.7268253275786150e+15 -5.9294110966175583e+10 7.8637241321219482e+12 3.3910768534247385e+04 -1.0227433359556212e-02 -1
27 -5.1302632992030950e+14 -3.6339288756449718e+09 -1.5349053786045342e+23 -1.9773087354834495e+27 -2.8296163149977157e+04 -6.2733380566449761e+06 3.9697516697619415e+18 5.2396084203190369e+10 -1.1578768466001247e+02 5.3626727339877546e+08 -1.3393198132730711e+20 -3.5456536220397771e+24 1
28 -8.1456694190920125e+03 -2.3419466428674909e+00 5.6352050366138423e+31 3.1297459056289426e+30 5.5020198587926443e+03 1.1439898207394141e+12 -1.2679175560247507e-03 2.5711332724362364e+04 5.0057909919401536e+17 1.3752877808012168e-01 -3.5337890227442285e+17 -7.8302271783762086e+28 1
29 5.5735190706553568e+16 1.6278466619732873e+09 -1.3548299521181901e+18 5.2600183715064774e+09 -5.3409701803800032e+26 1.9156750795540493e+03 4.4849044099699691e-04 -6.3973160715925565e+04 -1.2274131251923090e+16 -1.1238343337384055e-01 1.2586626014951394e+12 -6.4568351857395591e+25 -1
30 1.2250413325849036e-01 2.8909730211282770e+33 -1.6194996667805340e+22 -6.0722504709001150e+19 -2.3278529053583791e+22 -1.1169603050049417e+24 4.9735389003735087e-02 3.7567492904518840e+18 1.4666637346459541e+13 -7.6366429173350295e+20 -7.7304905058540696e+32 3.3038508654254976e+12 -1
31 1.5815415250205704e+19 6.0974086828864670e+10 -3.4549187374965457e+29 2.9977261021995510e+01 -4.5057482953834219e+05 -1.4918736834189006e+29 -5.6160236776482250e+15 6.2907093223939812e+10 -1.1861506429114074e+22 -4.8295272566090903e+30 -8.7984416498676437e+03 -9.6298011458375535e-04 -1
32 -1.4412642001507118e+20 -1.7313876680770449e-02 -2.7147642831991786e+08 1.3785553457384664e+27 3.4892907927547797e+24 5.1151943461432747e-01 1.5092033434802103e+09 1.8093215462124315e+30 4.1062699217486217e+19 1.4769503839436710e+25 1.8682301543696130e+03 6.1509912980525079e+28 -1
33 2.0043699976069685e+06 2.7581240719370803e-01 2.1564009452771416e+12 4.0093630406871024e+30 -9.2856348588783147e-04 -2.0045538131685345e+28 3.4658494936315100e+25 -1.8237140025593656e+29 6.6614829519071328e+06 -4.6598719230117064e+16 -1.6287575940850454e+12 -1.3439352041233529e+31 -1
34 -1.9243939141825717e+21 1.0835501730538522e+17 9.4550233487680284e+32 1.0716458511762697e+14 2.5191989642678236e+03 -2.6238691316196131e+04 -4.6285941170641595e+31 3.7338235729238167e-02 9.6949088920192013e+28 -4.9267798659367305e+19 -2.4987767954692094e+13 1.9485801945141296e+10 1
35 2.9794470856388909e+05 1.1572061053232637e+06 4.3964930613910091e-01 -3.5894510900180407e+07 -5.5987242844004720e+07 2.3557052131695511e+33 1.9751433728859254e+26 -5.9954386406412333e+01 -8.1663539486490073e+20 2.7476597935488982e+21 9.0542548864245252e-04 1.8403399689738623e+02 1
36 5.4207083312587751e+19 -5.0393717891643901e+04 -1.3617316563890813e+32 -2.3058107819070690e+05 -8.5770175753741036e+18 3.0312470497942953e+34 2.2916587387885068e-01 1.1069973706808710e+33 -6.4276057096702082e+29 -5.3024062143997002e+10 -9.1845369977868750e+12 -1.1772749936657451e+20 -1
37 -4.6997654672911144e+14 7.9186644631028805e+30 -3.3019865607812698e+10 2.2576108255306458e+18 -1.0701416340493153e-02 1.5599880256735787e+01 -9.3200590141082561e+04 1.4971763430802660e+32 1.7259317668403927e+29 -5.2210968637432463e+19 -1.9566810771364424e+18 -1.3529007951322142e+34 1
38 -3.9928777622364635e+30 2.0654540657875037e+09 8.6553924731172301e+18 5.0880806443061706e-02 1.2797782921298340e+11 -1.8348545365597420e+28 -3.4150089476705983e+20 2.3470101291229498e+17 -2.3109634803520897e+34 -1.7457913404986307e+00 -1.2537420944277817e+11 -1.6047229836975323e+01 1
39 2.7312803687393510e+17 6.8014500005062842e+28 -7.8038306170127149e+34 7.6908733291182448e+32 2.8563760575682878e+08 5.8737459222164249e+08 -5.0244145268007714e+23 3.4258919481683397e+08 3.8654855596756922e+13 -3.0703137867880978e+21 8.0786288135313886e+31 1.8254864564930918e+17 1
40 -9.0535688054463844e+21 -9.7649274557134529e+31 2.7160201415645855e+30 1.3886846148930245e+26 -9.7721776171115504e-01 1.1113092952241650e+26 8.4965803289364602e-04 -1.2794227480663639e+26 2.4637382543349078e+33 1.0349762950399333e-01 -2.6934976131753808e+32 3.3125902395083252e+11 -1
41 7.6694472151093592e+04 5.2023015194575244e+11 -1.1789578405507033e+05 -4.2214553034141942e+18 4.4046228195460939e+27 -1.3713886172130957e-02 6.0858708343131629e+20 1.9011749642724883e+12 1.4553820060129023e+13 -6.6137454973258859e+13 -6.0164884995939945e+00 -1.1075903643470548e-03 1
42 2.1014301602769523e+00 -3.4228618987072917e+29 1.3036327127234758e+17 6.6843985835014206e+33 -2.7647425063786249e+09 -1.8279249852218887e+29 -4.9080992234924255e+10 5.0375808477961573e+02 -1.8734533610724999e+00 1.6393144787898215e+01 -4.4760951625182131e+14 -5.5027349756946186e+19 1
43 5.9580277885092527e+30 9.8841475332616168e+25 -2.7110893156781350e+02 1.0556244095031116e+16 -1.5520494276720600e+32 4.6966358135043192e+16 7.1336548272127792e-02 2.8104901552012001e+18 2.7655666852174484e+30 -8.1469116357256520e+18 5.8268925893777014e+26 -2.5398848760184703e+14 -1
44 -6.1089445560300018e+26 6.2808837755560819e+23 1.9787825638927186e+29 -2.0973571379845392e+24 -1.3106487380249396e+08 2.7834876148443354e+34 3.7942649811885934e+24 -3.9370621426934704e+16 -3.1179073536408799e+27 -2.2649606882272532e+18 -1.2261608045371220e+19 8.1354712140016658e+25 1
45 -2.6200295716558849e-02 1.1525226199688626e+21 9.6827934142705198e+27 -6.2088270295672543e+07 2.4088920714213048e+18 -4.2723997309345328e+13 4.3377029423989043e+18 1.4664029563488000e+18 6.9699934994828642e+24 5.9053565496697790e+19 6.9668544333829105e-04 8.4356415726808369e+08 1
46 -1.4122549293382772e+27 2.3701473138661869e+05 4.6308290039904449e+10 -8.7612641509760309e+26 -5.3173798853465684e+00 -3.1440093672245842e+21 3.9380429271544518e-02 -2.0105379806477704e-02 3.6877568036030285e+17 1.7863887705879554e+19 4.7467292862340291e+04 3.1147537752294835e-03 1
47 7.9050253091637561e+11 3.8794191192702958e+00 -4.1093223069908910e+25 -3.5360624365289420e+34 -6.8022747755700867e+10 -1.0214397098126107e+20 -1.3536145324844119e+25 1.4604956673082223e+09 6.5530595037148262e+10 -2.6552901465058550e+07 -3.7760288938911063e+33 -4.1310445979389444e-04 1
48 -3.3760478754190570e+06 -3.5499905829952543e+26 5.4777128896972775e+07 6.8049411493812500e+13 3.0174185516562232e+29 7.2459548256305802e-03 -2.2359067188164983e+25 -2.4283261773289045e+25 -1.3034363498790798e+09 -2.4205669964098246e+02 -7.9044214993225804e+25 -2.8676017991184793e+13 1
49 3.1455383428153334e+18 -7.3117522536098375e+13 3.0466669436794098e+28 1.8229796647374215e+21 1.6751556033993721e+28 1.7744004091392459e+14 -2.8878698751998512e+13 2.6266680649816209e+01 2.7348402161727631e+14 -1.9718127852770974e+33 5.2378444734638278e+22 2.0480034538362950e+07 -1
50 1.7939742330110972e+23 -7.6074108136313690e+23 8.2372221073127909e+30 1.4840256996473176e+09 -6.6488166127957115e+09 1.6180475483915996e+20 -2.8260816112557855e+19 -1.1945098473831406e+14 5.4639932058511043e+08 2.8993797656352441e+06 -1.9431396371020766e+20 -7.9901263019927615e+02 1
51 -1.1721165733341397e-03 1.5046997929402697e+22 -9.4040950508943155e+17 2.7301558111827329e-01 -2.0854909576268838e+14 1.7227101271891287e+06 -1.2880329643313178e+31 3.6641777362961607e+27 -2.2424539362591969e+19 1.9534049584976557e+08 2.2517511558354777e+20 9.3679681455006008e+09 1
52 -1.4331160919372114e+24 1.4088270788948749e+11 -3.3298443713923889e+10 -1.8231242655606925e+22 1.6605267732585800e+14 2.9382158449665376e+01 -3.7249938437605460e+25 1.2155062452901101e+12 -7.1559232268148032e+16 4.5267852134191379e+07 -3.1937215172495452e+18 -3.2900624487127945e+27 1
53 -1.7464287680241897e+00 -1.2113008415801755e+26 1.0712689405477077e+32 -3.6828661241339432e+28 1.7559476841129330e+22 -1.9184474158339948e+11 -3.2105666790572158e+06 -1.5761635027224411e+10 -5.3478743538063463e+02 1.6749499904861500e+14 6.8398297887340176e+12 -8.6573526803479719e+04 1
54 -2.0961488941457977e+34 6.9438267533407764e+12 -8.7368524796211958e+08 -1.1910644483052486e+27 6.3022589724000361e+20 5.9423794161034721e+01 -1.2905400811470620e+28 2.5404072852064266e+14 1.0777401901482095e+27 -1.2747650543143401e+22 -2.0738492172110171e+33 -1.9936502364660585e+18 -1
55 4.0789798681002915e+08 1.3034719163657340e+34 -9.4004052365655289e+10 -5.4432892308095799e+25 -1.9253891413949900e+31 6.1592052607715620e+26 -3.8448991854349273e+01 -5.4483361607446564e+22 -1.2635911295360408e+01 -4.2551054024610871e+21 -1.2346059467843953e+29 -1.5164260377878162e+11 1
56 9.7282049255615543e+05 -1.4709981102017870e+15 -1.5818562552348894e+03 7.5593724639406351e+31 -4.9329978308411263e-04 -2.3436889280960234e+05 8.4501997861890569e+07 1.3666719604983426e+22 1.0706247728503862e+04 -4.4046866819554769e+14 -1.3384603448702672e+06 3.7349397119125453e+32 -1
57 -8.3889318620490414e+00 7.8098238155973942e+21 -4.0110447363098478e-01 6.5850257093861542e+09 9.2430877429895438e+06 1.5196201464272640e+23 -6.3042691886981083e+06 5.7749538403378056e-03 1.2371195633862212e+25 -1.7461451009381350e+26 1.6000759617079761e+11 -1.2025302780953925e-01 -1
58 -4.3682435085038893e+23 3.5007385417260605e+18 4.7298873831958936e+24 4.3924703626621646e+04 2.2195934489976357e+19 -1.2477269312124477e+04 1.9463763789284510e+15 6.4911261040316334e+22 2.1640109431726398e+02 -2.0796602038048000e+15 -5.6537090099799982e+18 1.1637597469004763e+00 1
59 -3.6623147979105986e-01 -2.8783470919998008e+16 -3.2846461314785186e+12 1.3384214813008242e+09 -2.6984221589283920e+15 5.4170696894779480e+15 5.4844993201498692e+30 1.0619359832948243e+05 5.5129683058661394e+03 4.6756834978950046e-01 -6.2330025523989846e+05 -1.6200603502361050e+10 -1
60 7.1192543807719863e+04 6.2379587890318899e+03 9.2816954949773048e-04 -3.4896371814872646e+19 -7.7569064704795754e+34 4.2175927624576758e+13 8.9915907552940251e+00 2.3639968568171042e+01 -5.1290003058604316e+03 -2.7258051752969158e+29 5.1433460746674951e+11 -2.9096261481251418e+00 1
61 -2.5132639342711456e+26 -2.0003187645349433e+20 -2.6122543307991225e+32 -5.8960331289061458e+27 -1.1864547228277621e+20 1.4695784056101564e+02 1.5418459241077370e+17 1.4649471489585596e+11 -1.7289051929177091e+21 1.9405992574264718e+23 -8.5605048877339450e-04 3.1203012585512898e+01 1
62 -1.5805806225560008e+15 -1.1134005036406377e+01 9.4329364147046931e+01 1.0573929314845367e+02 4.6706785986219589e+10 -8.8196680934065208e+21 1.2464981909933834e+10 -2.2213401102134050e+01 -4.0562883088727618e+20 4.7732335376155909e-04 6.2921418205044128e+00 -2.2615695384112936e+21 -1
63 1.7754622925591026e+10 -1.2627604317061311e+08 4.1931666314284695e+27 -2.3674096671762996e+34 2.0073911823133261e+23 -7.4183166994948920e+15 2.3570734114286411e+05 1.0133188379755980e+02 6.7768235187711631e+23 3.8984983620238354e-04 7.9053334209656344e-03 6.3314701191967826e+18 -1
64 7.3549059464259248e+23 2.2968864859828837e+06 1.5049848863514764e+16 7.0184580973524065e+24 7.1825965024417249e-01 4.7764944868771090e+29 -4.0200542620884542e+09 3.5619592293618761e+26 1.6640132860629855e+32 -4.6910523038507613e+01 9.1845829279918050e+00 5.7428972975919210e+19 -1
65 -2.9807389733360491e+34 -2.5514197196252168e+16 3.7999582922474098e+08 2.1891444537899709e+33 7.1180048091153819e-04 -1.2093988807124446e+17 -8.7862418963723377e-03 5.2055675260571396e+05 9.6698273623481995e+10 -1.0005856341896947e+07 -4.4291529752716317e-05 -2.3549639045056204e+20 1
66 7.7517516807422901e+23 -3.4068030105817172e+13 2.0196828929194678e+04 -1.8479831856010235e+26 3.6515782751360240e+16 -7.2234855177541746e-01 -4.5980250942423423e+04 -3.3729228403562988e+12 -2.7582450258663535e+20 -3.5090478550541531e+13 1.6521396261342409e+31 -6.4113135476914577e+09 1
67 -1.4266646792388784e+32 -5.4815809339511226e+33 -7.0636295120013431e-02 -1.8405185385725265e+06 3.7330384339885876e+11 -9.7754442282175709e+23 5.1866830048183148e+32 6.7189014827983795e+17 -1.6659577681002596e-03 -1.5665233713925605e+12 -9.9798973675679491e+01 -1.0027014332215504e+10 1
68 -4.3652613382520340e+03 1.8390298317732592e+09 4.2183288715977405e+01 4.7846820869589573e+08 -8.3489490689643555e+10 -5.8571297896741500e+14 -1.0226951011482975e+04 4.3722867450890303e+07 -9.9693181104672611e+08 -5.6326148102984977e+25 1.4414467186260471e+23 -1.1760457756018599e+00 -1
69 6.4792647274182836e+23 9.6705330608164036e+02 2.3912779302925684e+11 1.2020631640971428e+08 -1.3830209564518361e+32 -3.3899845241577864e+08 -2.2628501037606669e+24 3.2392849860672492e+18 4.6565588354888860e+15 -2.7658817949602928e+09 2.0436202189598616e+23 6.4848143852166367e+12 -1
70 1.5927735396634643e-03 -3.0843142163418224e+29 -2.1381702124504869e-03 -1.3942605757805470e+04 7.6478799388599097e-03 -8.7502522852360969e+05 -1.6550590076554794e-01 4.8126178933567656e+12 5.4458632494267487e+11 9.0131162466515891e+20 -6.4464773830433200e+14 -1.0827927651592063e+24 -1
71 3.2037909215050321e+22 4.1606053868689892e+30 1.0230530827732164e+13 -1.2147718025506201e+08 -1.3128412606150508e+06 -3.5865772664367256e+09 -1.3179972383383944e-02 7.0771617986461865e+02 -7.8037666775912730e+04 -1.7044252916248877e+02 4.1101892471455912e+00 -1.1447039101093257e+27 1
72 2.6140018563166589e+11 7.7030749181844483e-04 -1.8635942199927726e+04 3.0064074145919776e+03 -1.0570804127599472e+24 8.6695633551231660e+24 -5.5880837094263458e+10 2.6290597721549984e+00 3.3339892427308172e+33 3.7660441958000335e+20 1.8729382717071551e+34 4.6683229422040533e+00 -1
73 -5.1666075062844319e-02 -1.3516399848825539e+19 -1.7538632456798736e+17 -7.6884727647621910e+23 9.2033552453686730e+27 -5.2519705575629381e+27 1.4482948924432834e+23 5.7138286232665337e+01 -1.2953429446624950e+11 -5.3350827580129379e-02 -1.1450789159979955e+30 7.6474042195365968e+04 -1
74 -5.6399486633617781e+13 -1.6242406138125120e+10 3.2493567905706454e+33 3.8418208775447414e+25 -4.1198431041788507e+29 -8.1707378931001702e+04 1.9731344128441719e+27 3.5785566344082222e+25 3.6915595622666295e+30 9.0796028387992010e+06 -9.9823758050790161e+01 -1.5277744609923997e+04 1
75 5.6060925978162643e+06 2.5624416847351193e+07 -2.4202994776127827e+30 -1.1868602058995095e+12 -1.0221279667348988e+14 9.1481646208189216e-02 -4.8259158583780788e+01 3.9979748657422924e+08 -4.2030330014475083e+12 7.5861996392236892e+26 -2.1406081294901334e+14 3.1351018587086979e+32 1
76 -2.6799990961743108e+27 1.7913664716121462e+12 -1.4300242227853592e+04 -8.4985557878429346e+11 1.8398864499447401e-01 -5.6694308983302402e+32 -8.3909901361418527e+21 4.6543266722420685e+02 -6.8159224819908505e-04 -5.1474072608637274e+17 2.1403363932995598e+29 -3.2057246533974939e+11 1
77 -2.6255013398567753e+22 -1.7959677157342355e+02 -3.5439210566540735e-01 1.3178413172192007e-04 2.2271652476958326e+22 -1.0605156893510059e-01 6.1149615253859447e+03 -4.6747838957317500e+14 2.8502367960439071e+31 -3.3260585834621935e+22 -1.2433334224432227e+17 7.2569593346002166e+19 1
78 9.0590480227850260e+15 -1.2465644083863149e+28 -1.7611960158132231e+12 -1.0895911698499596e+26 -1.7944920620969708e+33 -1.1957757681127989e+09 -1.8809493614822430e+15 -4.8780929516409657e+00 -1.5755680684917725e+22 4.0329443716150125e+13 -1.7595506526175022e+00 -2.2347142978370562e+07 1
79 -5.2302126103845226e+21 3.7537243825662109e+12 5.4935077791520880e+32 -8.7060747076925240e+32 -1.1525534640350998e+27 -8.9450647564699500e+14 -2.0334823257359594e+30 -1.7677442410080342e+16 2.5338005504854011e+22 -1.0403836018336732e+26 -9.9227602516177782e-01 -8.3198171599427030e+02 -1
80 -4.5301904221036845e+21 6.0178344558361768e+32 -2.7703794977747521e+02 -5.6465287641569580e+10 -2.3359231852541948e+06 -4.1909427007040938e+14 3.3480056788882884e+27 1.1908758018076189e+12 -9.2340618319812241e+09 1.2702442707989911e+11 -1.0920080162929022e+15 -1.8764848844472160e+16 1
81 2.1104904785276160e+11 -1.0322135026338702e+15 3.7633389560048447e+00 -6.5498625311811177e+26 -3.1311261138067493e+01 -1.3357505655479091e+34 1.2882453856143347e+32 -4.6209657737969142e+24 5.0564409519420659e+33 -3.6478995047710840e+11 -5.8629568694946878e-02 -2.3023963931983211e+32 1
82 -3.3843399903768099e+23 2.2141669797221452e+22 1.7127641084688950e+25 5.8351025667660405e+25 2.6313443621180356e+06 7.3417874726187885e+07 2.6742815171667526e+17 -5.4444116601960019e-04 7.1198183593005384e+19 8.4836124989487150e+14 -1.1719397440001135e+11 -9.5459450131632206e-03 -1
83 -5.5687168963257730e+31 -9.4599700386904576e+17 -8.1548563938038161e+26 9.1574194735128510e+20 2.4947950595326813e+11 -5.0381177132082858e+33 1.1233078827711252e+22 -4.4408439856694851e-04 1.3628202636775805e-01 -2.0296327650240924e+04 -9.0471719832074020e+25 2.6802742198083725e+09 -1
84 6.1542140441946808e-04 -5.2092579271709380e+20 -6.5217967295710613e+33 6.8665665178053036e+09 -5.0672637019056580e+11 -2.3521102114697240e+16 1.9711000808371475e+10 7.0655327439217913e+08 -1.4536402250154568e+22 8.5531809413026422e+03 8.5576184433526176e+16 3.3963368776746215e+06 -1
85 -2.0754188292015196e+27 2.8756322337277842e+12 -1.6392182736291102e+02 -8.5870471452195310e+15 1.8735767485808069e+05 3.7044687638852162e+14 3.5281572763690235e+01 -1.4253897719532776e+08 1.3939100846881010e+32 -8.2452986947646542e+09 1.1146656605618250e+11 3.7978436326262571e+20 1
86 3.7786695302728119e+25 8.5736615838237305e-03 -2.7960529830477186e+28 -3.4731251059301974e+24 8.0417624557891977e+03 -2.8133117325930029e+17 -1.4284375538481903e+01 1.1045140329121338e+10 -7.3454903513900649e+25 -4.2661583328200336e+33 2.3234080249243949e+32 1.3181002080065928e+09 -1
87 8.4110301218879204e+02 5.1753684118018008e+01 2.0623311364210442e+31 -4.0594535229056686e-03 -5.4284789435879197e+23 -1.7219869704386838e+32 9.7315348090774127e+19 5.0221854795268503e+34 3.4011761949180714e+06 3.0929365726253995e+24 6.0881325400857446e+17 -8.4599082770585678e+31 -1
88 1.2595902777372376e+25 1.8254946774787601e+02 -3.5457357387423176e+18 -2.6636844075529222e+28 -3.4005809323228290e+31 8.3704937182118398e+12 7.9848011905903957e+04 4.7496019853701143e+25 3.7112341176126685e+25 -5.3491400486561667e+32 -4.9867361350507155e+04 1.4126616591577881e+13 -1
89 -5.4341352929316827e+01 2.8711571295440250e+00 -3.0549896836091988e+26 -1.5829431086267533e+09 1.5067724674783518e+24 -9.2017389915456281e+13 -1.1419120932820980e+15 -9.4191265561882620e-03 3.6339187933796084e+03 9.9362613200754464e+24 -5.1828557163336111e+04 1.8979392491792479e-02 -1
90 -1.3024169670396447e+08 1.9371305418924510e+15 1.0128356625729361e+33 4.5847941487458573e+32 8.0530556458205312e+27 9.7288123232879043e+06 3.0142362840221268e+31 -7.2172771386127652e+03 -1.2314391856938265e+33 -1.3206541373655015e+33 1.9320066243860079e+25 -2.6708939323003968e+17 -1
91 5.7549809304694630e+00 3.2345081578558000e+13 4.0093428599650320e+19 8.1838145325972637e+03 -1.4649439063111182e-04 -6.7695424146321272e+26 9.8095041644173804e+18 7.3434897002202088e+03 -7.3850585015003906e+12 -5.5851620234630199e+26 3.7538582313081606e+03 3.7201270957372634e+28 -1
92 3.6296154075475287e+29 2.6587411343776417e+08 -3.4033222094967640e+31 -1.2249568649806205e+17 -4.1427136981000814e+30 5.3938668532557640e+04 -2.9010699271549894e+21 1.8849534412116033e+08 -8.0165234560925514e+06 -1.2010547900713012e+14 -3.3776248514354216e+23 -6.5644503838618926e+05 1
93 -6.2860944805265531e+07 9.1912576942018995e+29 -1.6951128197266125e+31 3.7922992615491671e+00 5.1028408462830588e+07 4.3554161991220337e+20 -2.2433156982969853e+18 -5.8838342065811043e+20 -6.3146936856154570e+12 -8.6826809707371682e+21 9.2190867287463526e+17 -1.5564071706673121e+25 1
94 -1.8510538551145194e+09 1.5548015321201026e+07 5.9382473073932687e+00 -4.7453000651587178e+20 9.1053810261272734e+12 1.0589740387554155e+26 -1.4803971588240691e+32 2.2486646644523987e+10 -3.1792307574835232e+16 -2.7682442618094265e+07 1.0047586814912599e+08 2.8646441854659656e+22 -1
95 3.7667647766863056e+23 5.8158029544823125e+07 -9.1653363329973120e+16 -5.8737891257069539e+04 -8.1520266185896588e+32 -1.4897938299990840e+21 -1.5687089095945206e+10 -1.3907992540985730e+09 8.5426499422784561e+12 1.9655390312277133e+22 -2.4977063453622500e+12 2.4497766589222925e+23 1
96 -5.3099952910085814e+06 1.5040231805470156e+27 -7.7906805907549271e+21 3.0064603588485915e+27 1.1046181467820443e+18 -3.7902016085831705e+05 -2.4256738166194844e+14 -5.8152105994202827e+01 1.3317922472801729e+26 -1.7930706543210083e+03 -3.0632562860273864e+28 -6.5594951896704700e+15 -1
97 2.5917354729513464e-02 -2.9594659539690547e+26 1.1942852351967378e+11 -3.4565389653275198e+24 -2.3194233963205328e+16 -2.0487836524645655e+02 -1.6629504966212153e+12 -3.2672914417894996e+21 9.0522901160889269e+03 -5.3565875814167346e+28 5.0028822668433115e-03 4.2628689422932726e+08 -1
98 4.7674145518219954e-03 4.0261634300500388e+31 -1.9509618803205804e+11 3.5007965079190555e+27 1.1896135046087714e+26 3.8333330566160885e+03 3.1221851056415078e+04 6.0474170445693449e+26 -4.7087081635085106e+14 4.8264474943028005e-02 -1.4579943408205483e+20 1.2559779063540687e+19 1
99 2.8187328979129398e+17 -1.6816810665100132e+16 3.0103100225842610e+15 9.1029153721828439e+24 5.5658863567941153e+03 1.1762640590971913e+00 1.4364992572572330e+16 -1.4886212623007691e+30 -7.2876693728394471e+06 2.6000818760261396e+16 1.5622357978948733e+08 3.2425879858575102e+25 1
100 -3.4045948959510498e+10 8.4819696271897852e+23 6.1710812852551507e+27 1.7557262450350812e+00 -1.1035098165886791e+30 4.1150306523396099e+25 -4.9030428458812496e+16 -1.0941840970342222e+31 -1.6949070514739307e+11 1.2272282843394178e+08 2.1019584159729942e+27 4.9088597215955611e+06 -1
