1 1.4961614016396960e+12 -2.5541490932981474e+21 7.6400648583370128e+01 1.3318242171938891e+01 -9.7267316824929993e+19 -8.4624203955526605e+20 1
2 -6.8902150136125088e+06 -7.0491295475057450e+03 7.8213531273971216e+16 -2.2756820423879327e+11 -1.7140592168677645e+09 4.0918854118598287e+05 1
3 -3.2695859635782457e+04 1.3484076773268453e+03 2.8960665483660479e+04 2.5780054545604253e+04 2.2180528833652939e+28 1.3156801618834456e+17 -1
4 2.8916655435939677e+23 -5.3261461492120296e+07 -4.4397191566378944e+17 3.1489522914416782e+23 -8.7951610704529375e+13 3.6024417330116944e-04 1
5 -1.2525993522692469e+25 -1.7037762905011953e+28 1.1632720582572828e-01 8.1047819190345346e+29 5.2685873362592753e+21 -5.8728275136852593e+04 -1
6 -2.1803935586702738e+25 1.0643328232578197e+09 -8.5431760978014500e+14 4.7932045456624233e+24 2.1171088242334023e+09 1.6416647266939648e+12 -1
7 -2.5268048500708491e+19 -5.7033141523096798e-02 3.2947079252817697e+26 -4.9082442030147166e-02 2.1371942918250064e-02 -2.4160329549375672e+18 -1
8 -3.2831616281537759e+08 1.0137803923519623e-03 5.4613896346145868e+08 8.1042581368612492e+08 1.7325415566116972e+16 -7.5922728104924238e-04 -1
9 1.4561461137896329e+11 -4.3531973309506762e+08 2.9725726647960533e+00 1.4959158720414041e+00 2.9035808316536648e+04 -2.4300937668706796e+16 1
10 -9.6633998985023936e+01 -2.6791247858395129e+29 -1.4290677293548254e+02 -2.2770673203021448e+21 1.7544282312441907e+09 -3.9768908828523358e+30 -1
11 7.4717947054323084e+31 -1.6456720815443866e+18 -1.0459268553010823e+27 1.7808684806907993e+32 2.3259874234421215e+30 2.2845925900648746e-02 1
12 -2.1955311292625469e+32 -5.1490888530104126e+10 -1.3888082973524135e+23 4.4233207695140266e+08 1.0207386752495583e+32 -6.4397976857319394e+23 -1
13 5.4101172567220736e+08 -9.6648282120603399e+04 -4.6355270417884185e+34 -4.4629595589349997e-04 -1.4743882108457007e+22 1.4044994636892540e+29 -1
14 6.3590628910673112e+07 -3.2439766416214772e+33 -1.5733279423267087e+28 6.2563133750416230e+17 1.9594216058716285e+32 -4.2828437170015210e+11 -1
15 -8.4382966270272908e-01 2.3575567519991142e+08 4.4765290238874485e+20 7.8505261492865694e+33 -5.7312282707342422e+08 5.5789022941860040e+01 1
16 1.5722762847051551e+31 8.8897460193998337e+07 -1.6606582445150359e+21 -5.4468526727973175e+20 1.3039827154148022e+32 -5.5091117343386315e+25 1
17 1.3656984859546518e+05 -3.7696920220153049e+07 -1.6729859489569325e+14 -1.1351935174325351e+06 3.5023045366118747e+25 -2.0239017890154155e+01 -1
18 -6.5146468842178650e+14 5.4646962897050333e+08 -6.3317190036045726e+31 -4.3954744064858734e+13 2.9021312221812448e+27 3.8317940605233618e+21 -1
19 2.0597657122578348e+18 -1.4789154958701525e+28 1.2200588019122578e+27 -4.8144353992849667e+27 -1.3569252334354327e+09 -4.7690270207505076e-03 1
20 -3.4724453911654373e+23 8.6549471045329584e+31 2.0713369682307812e+11 7.2768694144522228e-01 3.5990455437187390e+15 1.3109443767655400e+33 1
21 1.3148761486453700e+22 1.5857389067884142e+33 -1.1989608042768683e+29 -2.9776181126570545e-04 1.0758825430227386e+30 -8.7094205928583887e+11 1
22 4.2928299194574393e-01 -7.0274418609237850e+14 -1.2780679392743271e+05 -4.8756408405061904e+02 1.9765853248683317e+30 -2.3878669185881958e+17 -1
23 -6.3052568655661889e+03 -7.7344960441708679e+09 -1.5776636308750323e+01 -6.7940552832286693e+06 3.8082354871044810e-03 -1.0602000690890682e+32 -1
24 -4.6609043113142428e+23 -3.2679051664573961e+31 -4.8041099061276243e+34 -6.8927356184424786e+30 -4.3270648434905907e+17 -1.4254868751956294e+17 -1
25 2.2997211312906881e+34 1.6145934384456114e+05 -2.3906545898625154e+01 8.8920297512938646e+02 1.0538775197017539e-01 8.7831206061402099e+02 1
26 -1.6064075675776949e+09 3.6146529419414664e+32 -1.0182828396799837e+02 -5.6459564472191071e+10 -1.4180140696922041e+21 6.7268253275786150e+15 -1
27 -5.1302632992030950e+14 -3.6339288756449718e+09 -1.9773087354834495e+27 -2.8296163149977157e+04 3.9697516697619415e+18 5.2396084203190369e+10 -1
28 -8.1456694190920125e+03 -2.3419466428674909e+00 3.1297459056289426e+30 5.5020198587926443e+03 -1.2679175560247507e-03 2.5711332724362364e+04 1
29 5.5735190706553568e+16 1.6278466619732873e+09 5.2600183715064774e+09 -5.3409701803800032e+26 4.4849044099699691e-04 -6.3973160715925565e+04 -1
30 1.2250413325849036e-01 2.8909730211282770e+33 -6.0722504709001150e+19 -2.3278529053583791e+22 4.9735389003735087e-02 3.7567492904518840e+18 1
31 1.5815415250205704e+19 6.0974086828864670e+10 2.9977261021995510e+01 -4.5057482953834219e+05 -5.6160236776482250e+15 6.2907093223939812e+10 -1
32 -1.4412642001507118e+20 -1.7313876680770449e-02 1.3785553457384664e+27 3.4892907927547797e+24 1.5092033434802103e+09 1.8093215462124315e+30 1
33 2.0043699976069685e+06 2.7581240719370803e-01 4.0093630406871024e+30 -9.2856348588783147e-04 3.4658494936315100e+25 -1.8237140025593656e+29 -1
34 -1.9243939141825717e+21 1.0835501730538522e+17 1.0716458511762697e+14 2.5191989642678236e+03 -4.6285941170641595e+31 3.7338235729238167e-02 -1
35 2.9794470856388909e+05 1.1572061053232637e+06 -3.5894510900180407e+07 -5.5987242844004720e+07 1.9751433728859254e+26 -5.9954386406412333e+01 1
36 5.4207083312587751e+19 -5.0393717891643901e+04 -2.3058107819070690e+05 -8.5770175753741036e+18 2.2916587387885068e-01 1.1069973706808710e+33 -1
37 -4.6997654672911144e+14 7.9186644631028805e+30 2.2576108255306458e+18 -1.0701416340493153e-02 -9.3200590141082561e+04 1.4971763430802660e+32 1
38 -3.9928777622364635e+30 2.0654540657875037e+09 5.0880806443061706e-02 1.2797782921298340e+11 -3.4150089476705983e+20 2.3470101291229498e+17 1
39 2.7312803687393510e+17 6.8014500005062842e+28 7.6908733291182448e+32 2.8563760575682878e+08 -5.0244145268007714e+23 3.4258919481683397e+08 -1
40 -9.0535688054463844e+21 -9.7649274557134529e+31 1.3886846148930245e+26 -9.7721776171115504e-01 8.4965803289364602e-04 -1.2794227480663639e+26 1
41 7.6694472151093592e+04 5.2023015194575244e+11 -4.2214553034141942e+18 4.4046228195460939e+27 6.0858708343131629e+20 1.9011749642724883e+12 -1
42 2.1014301602769523e+00 -3.4228618987072917e+29 6.6843985835014206e+33 -2.7647425063786249e+09 -4.9080992234924255e+10 5.0375808477961573e+02 1
43 5.9580277885092527e+30 9.8841475332616168e+25 1.0556244095031116e+16 -1.5520494276720600e+32 7.1336548272127792e-02 2.8104901552012001e+18 -1
44 -6.1089445560300018e+26 6.2808837755560819e+23 -2.0973571379845392e+24 -1.3106487380249396e+08 3.7942649811885934e+24 -3.9370621426934704e+16 1
45 -2.6200295716558849e-02 1.1525226199688626e+21 -6.2088270295672543e+07 2.4088920714213048e+18 4.3377029423989043e+18 1.4664029563488000e+18 1
46 -1.4122549293382772e+27 2.3701473138661869e+05 -8.7612641509760309e+26 -5.3173798853465684e+00 3.9380429271544518e-02 -2.0105379806477704e-02 1
47 7.9050253091637561e+11 3.8794191192702958e+00 -3.5360624365289420e+34 -6.8022747755700867e+10 -1.3536145324844119e+25 1.4604956673082223e+09 -1
48 -3.3760478754190570e+06 -3.5499905829952543e+26 6.8049411493812500e+13 3.0174185516562232e+29 -2.2359067188164983e+25 -2.4283261773289045e+25 1
49 3.1455383428153334e+18 -7.3117522536098375e+13 1.8229796647374215e+21 1.6751556033993721e+28 -2.8878698751998512e+13 2.6266680649816209e+01 1
50 1.7939742330110972e+23 -7.6074108136313690e+23 1.4840256996473176e+09 -6.6488166127957115e+09 -2.8260816112557855e+19 -1.1945098473831406e+14 1
51 -1.1721165733341397e-03 1.5046997929402697e+22 2.7301558111827329e-01 -2.0854909576268838e+14 -1.2880329643313178e+31 3.6641777362961607e+27 -1
52 -1.4331160919372114e+24 1.4088270788948749e+11 -1.8231242655606925e+22 1.6605267732585800e+14 -3.7249938437605460e+25 1.2155062452901101e+12 1
53 -1.7464287680241897e+00 -1.2113008415801755e+26 -3.6828661241339432e+28 1.7559476841129330e+22 -3.2105666790572158e+06 -1.5761635027224411e+10 -1
54 -2.0961488941457977e+34 6.9438267533407764e+12 -1.1910644483052486e+27 6.3022589724000361e+20 -1.2905400811470620e+28 2.5404072852064266e+14 -1
55 4.0789798681002915e+08 1.3034719163657340e+34 -5.4432892308095799e+25 -1.9253891413949900e+31 -3.8448991854349273e+01 -5.4483361607446564e+22 1
56 9.7282049255615543e+05 -1.4709981102017870e+15 7.5593724639406351e+31 -4.9329978308411263e-04 8.4501997861890569e+07 1.3666719604983426e+22 1
57 -8.3889318620490414e+00 7.8098238155973942e+21 6.5850257093861542e+09 9.2430877429895438e+06 -6.3042691886981083e+06 5.7749538403378056e-03 -1
58 -4.3682435085038893e+23 3.5007385417260605e+18 4.3924703626621646e+04 2.2195934489976357e+19 1.9463763789284510e+15 6.4911261040316334e+22 1
59 -3.6623147979105986e-01 -2.8783470919998008e+16 1.3384214813008242e+09 -2.6984221589283920e+15 5.4844993201498692e+30 1.0619359832948243e+05 -1
60 7.1192543807719863e+04 6.2379587890318899e+03 -3.4896371814872646e+19 -7.7569064704795754e+34 8.9915907552940251e+00 2.3639968568171042e+01 -1
61 -2.5132639342711456e+26 -2.0003187645349433e+20 -5.8960331289061458e+27 -1.1864547228277621e+20 1.5418459241077370e+17 1.4649471489585596e+11 -1
62 -1.5805806225560008e+15 -1.1134005036406377e+01 1.0573929314845367e+02 4.6706785986219589e+10 1.2464981909933834e+10 -2.2213401102134050e+01 -1
63 1.7754622925591026e+10 -1.2627604317061311e+08 -2.3674096671762996e+34 2.0073911823133261e+23 2.3570734114286411e+05 1.0133188379755980e+02 -1
64 7.3549059464259248e+23 2.2968864859828837e+06 7.0184580973524065e+24 7.1825965024417249e-01 -4.0200542620884542e+09 3.5619592293618761e+26 1
65 -2.9807389733360491e+34 -2.5514197196252168e+16 2.1891444537899709e+33 7.1180048091153819e-04 -8.7862418963723377e-03 5.2055675260571396e+05 1
66 7.7517516807422901e+23 -3.4068030105817172e+13 -1.8479831856010235e+26 3.6515782751360240e+16 -4.5980250942423423e+04 -3.3729228403562988e+12 1
67 -1.4266646792388784e+32 -5.4815809339511226e+33 -1.8405185385725265e+06 3.7330384339885876e+11 5.1866830048183148e+32 6.7189014827983795e+17 -1
68 -4.3652613382520340e+03 1.8390298317732592e+09 4.7846820869589573e+08 -8.3489490689643555e+10 -1.0226951011482975e+04 4.3722867450890303e+07 -1
69 6.4792647274182836e+23 9.6705330608164036e+02 1.2020631640971428e+08 -1.3830209564518361e+32 -2.2628501037606669e+24 3.2392849860672492e+18 -1
70 1.5927735396634643e-03 -3.0843142163418224e+29 -1.3942605757805470e+04 7.6478799388599097e-03 -1.6550590076554794e-01 4.8126178933567656e+12 -1
71 3.2037909215050321e+22 4.1606053868689892e+30 -1.2147718025506201e+08 -1.3128412606150508e+06 -1.3179972383383944e-02 7.0771617986461865e+02 1
72 2.6140018563166589e+11 7.7030749181844483e-04 3.0064074145919776e+03 -1.0570804127599472e+24 -5.5880837094263458e+10 2.6290597721549984e+00 -1
73 -5.1666075062844319e-02 -1.3516399848825539e+19 -7.6884727647621910e+23 9.2033552453686730e+27 1.4482948924432834e+23 5.7138286232665337e+01 -1
74 -5.6399486633617781e+13 -1.6242406138125120e+10 3.8418208775447414e+25 -4.1198431041788507e+29 1.9731344128441719e+27 3.5785566344082222e+25 1
75 5.6060925978162643e+06 2.5624416847351193e+07 -1.1868602058995095e+12 -1.0221279667348988e+14 -4.8259158583780788e+01 3.9979748657422924e+08 -1
76 -2.6799990961743108e+27 1.7913664716121462e+12 -8.4985557878429346e+11 1.8398864499447401e-01 -8.3909901361418527e+21 4.6543266722420685e+02 -1
77 -2.6255013398567753e+22 -1.7959677157342355e+02 1.3178413172192007e-04 2.2271652476958326e+22 6.1149615253859447e+03 -4.6747838957317500e+14 -1
78 9.0590480227850260e+15 -1.2465644083863149e+28 -1.0895911698499596e+26 -1.7944920620969708e+33 -1.8809493614822430e+15 -4.8780929516409657e+00 -1
79 -5.2302126103845226e+21 3.7537243825662109e+12 -8.7060747076925240e+32 -1.1525534640350998e+27 -2.0334823257359594e+30 -1.7677442410080342e+16 -1
80 -4.5301904221036845e+21 6.0178344558361768e+32 -5.6465287641569580e+10 -2.3359231852541948e+06 3.3480056788882884e+27 1.1908758018076189e+12 1
81 2.1104904785276160e+11 -1.0322135026338702e+15 -6.5498625311811177e+26 -3.1311261138067493e+01 1.2882453856143347e+32 -4.6209657737969142e+24 1
82 -3.3843399903768099e+23 2.2141669797221452e+22 5.8351025667660405e+25 2.6313443621180356e+06 2.6742815171667526e+17 -5.4444116601960019e-04 -1
83 -5.5687168963257730e+31 -9.4599700386904576e+17 9.1574194735128510e+20 2.4947950595326813e+11 1.1233078827711252e+22 -4.4408439856694851e-04 -1
84 6.1542140441946808e-04 -5.2092579271709380e+20 6.8665665178053036e+09 -5.0672637019056580e+11 1.9711000808371475e+10 7.0655327439217913e+08 -1
85 -2.0754188292015196e+27 2.8756322337277842e+12 -8.5870471452195310e+15 1.8735767485808069e+05 3.5281572763690235e+01 -1.4253897719532776e+08 -1
86 3.7786695302728119e+25 8.5736615838237305e-03 -3.4731251059301974e+24 8.0417624557891977e+03 -1.4284375538481903e+01 1.1045140329121338e+10 -1
87 8.4110301218879204e+02 5.1753684118018008e+01 -4.0594535229056686e-03 -5.4284789435879197e+23 9.7315348090774127e+19 5.0221854795268503e+34 1
88 1.2595902777372376e+25 1.8254946774787601e+02 -2.6636844075529222e+28 -3.4005809323228290e+31 7.9848011905903957e+04 4.7496019853701143e+25 -1
89 -5.4341352929316827e+01 2.8711571295440250e+00 -1.5829431086267533e+09 1.5067724674783518e+24 -1.1419120932820980e+15 -9.4191265561882620e-03 1
90 -1.3024169670396447e+08 1.9371305418924510e+15 4.5847941487458573e+32 8.0530556458205312e+27 3.0142362840221268e+31 -7.2172771386127652e+03 -1
91 5.7549809304694630e+00 3.2345081578558000e+13 8.1838145325972637e+03 -1.4649439063111182e-04 9.8095041644173804e+18 7.3434897002202088e+03 1
92 3.6296154075475287e+29 2.6587411343776417e+08 -1.2249568649806205e+17 -4.1427136981000814e+30 -2.9010699271549894e+21 1.8849534412116033e+08 -1
93 -6.2860944805265531e+07 9.1912576942018995e+29 3.7922992615491671e+00 5.1028408462830588e+07 -2.2433156982969853e+18 -5.8838342065811043e+20 -1
94 -1.8510538551145194e+09 1.5548015321201026e+07 -4.7453000651587178e+20 9.1053810261272734e+12 -1.4803971588240691e+32 2.2486646644523987e+10 1
95 3.7667647766863056e+23 5.8158029544823125e+07 -5.8737891257069539e+04 -8.1520266185896588e+32 -1.5687089095945206e+10 -1.3907992540985730e+09 -1
96 -5.3099952910085814e+06 1.5040231805470156e+27 3.0064603588485915e+27 1.1046181467820443e+18 -2.4256738166194844e+14 -5.8152105994202827e+01 -1
97 2.5917354729513464e-02 -2.9594659539690547e+26 -3.4565389653275198e+24 -2.3194233963205328e+16 -1.6629504966212153e+12 -3.2672914417894996e+21 -1
98 4.7674145518219954e-03 4.0261634300500388e+31 3.5007965079190555e+27 1.1896135046087714e+26 3.1221851056415078e+04 6.0474170445693449e+26 -1
99 2.8187328979129398e+17 -1.6816810665100132e+16 9.1029153721828439e+24 5.5658863567941153e+03 1.4364992572572330e+16 -1.4886212623007691e+30 -1
100 -3.4045948959510498e+10 8.4819696271897852e+23 1.7557262450350812e+00 -1.1035098165886791e+30 -4.9030428458812496e+16 -1.0941840970342222e+31 -1
