1 0 doc001 2
1 0 doc002 2
1 0 doc003 2
1 0 doc004 1
1 0 doc005 1
1 0 doc006 2
1 0 doc007 1
1 0 doc008 1
2 0 doc009 2
2 0 doc010 2
2 0 doc011 2
2 0 doc012 2
2 0 doc013 1
2 0 doc014 1
2 0 doc015 2
2 0 doc016 1
3 0 doc017 2
3 0 doc018 2
3 0 doc019 2
3 0 doc020 2
3 0 doc021 1
3 0 doc022 2
3 0 doc023 1
3 0 doc024 1
4 0 doc025 2
4 0 doc026 2
4 0 doc027 2
4 0 doc028 1
4 0 doc029 2
4 0 doc030 1
4 0 doc031 1
4 0 doc032 1
5 0 doc033 2
5 0 doc034 2
5 0 doc035 2
5 0 doc036 1
5 0 doc037 1
5 0 doc038 1
5 0 doc039 1
5 0 doc040 1
6 0 doc041 2
6 0 doc042 2
6 0 doc043 2
6 0 doc044 1
6 0 doc045 1
6 0 doc046 1
6 0 doc047 1
6 0 doc048 2
7 0 doc049 2
7 0 doc050 2
7 0 doc051 1
7 0 doc052 2
7 0 doc054 2
7 0 doc055 1
7 0 doc056 1
8 0 doc057 2
8 0 doc058 2
8 0 doc059 1
8 0 doc060 1
