         128            1           0.085                 2048                 4096
         128            2           0.167                 4096                 8192
         128            4           0.328                 8192                16384
         128            8           0.649                16384                32768
         128           16           1.289                32768                65536
         128           32           2.569                65536               131072
         128           64           5.129               131072               262144
         128          128          10.250               262144               524288
         128          256          20.490               524288              1048576
         128          512          40.970              1048576              2097152
         128         1024          81.930              2097152              4194304
         181            1           0.120                 2896                 5792
         181            2           0.236                 5792                11584
         181            4           0.464                11584                23168
         181            8           0.917                23168                46336
         181           16           1.823                46336                92672
         181           32           3.633                92672               185344
         181           64           7.253               185344               370688
         181          128          14.493               370688               741376
         181          256          28.974               741376              1482752
         181          512          57.934              1482752              2965504
         181         1024         115.854              2965504              5931008
         256            1           0.170                 4096                 8192
         256            2           0.333                 8192                16384
         256            4           0.656                16384                32768
         256            8           1.297                32768                65536
         256           16           2.578                65536               131072
         256           32           5.139               131072               262144
         256           64          10.259               262144               524288
         256          128          20.499               524288              1048576
         256          256          40.979              1048576              2097152
         256          512          81.939              2097152              4194304
         256         1024         163.859              4194304              8388608
         362            1           0.241                 5792                11584
         362            2           0.471                11584                23168
         362            4           0.927                23168                46336
         362            8           1.834                46336                92672
         362           16           3.646                92672               185344
         362           32           7.266               185344               370688
         362           64          14.507               370688               741376
         362          128          28.987               741376              1482752
         362          256          57.947              1482752              2965504
         362          512         115.867              2965504              5931008
         362         1024         231.707              5931008             11862016
         512            1           0.340                 8192                16384
         512            2           0.667                16384                32768
         512            4           1.311                32768                65536
         512            8           2.595                65536               131072
         512           16           5.156               131072               262144
         512           32          10.277               262144               524288
         512           64          20.518               524288              1048576
         512          128          40.998              1048576              2097152
         512          256          81.958              2097152              4194304
         512          512         163.878              4194304              8388608
         512         1024         327.718              8388608             16777216
         724            1           0.481                11584                23168
         724            2           0.943                23168                46336
         724            4           1.855                46336                92672
         724            8           3.669                92672               185344
         724           16           7.291               185344               370688
         724           32          14.533               370688               741376
         724           64          29.014               741376              1482752
         724          128          57.974              1482752              2965504
         724          256         115.894              2965504              5931008
         724          512         231.734              5931008             11862016
         724         1024         463.414             11862016             23724032
        1024            1           0.681                16384                32768
        1024            2           1.333                32768                65536
        1024            4           2.623                65536               131072
        1024            8           5.189               131072               262144
        1024           16          10.313               262144               524288
        1024           32          20.555               524288              1048576
        1024           64          41.036              1048576              2097152
        1024          128          81.996              2097152              4194304
        1024          256         163.917              4194304              8388608
        1024          512         327.757              8388608             16777216
        1024         1024         655.437             16777216             33554432
        1448            1           0.963                23168                46336
        1448            2           1.885                46336                92672
        1448            4           3.709                92672               185344
        1448            8           7.338               185344               370688
        1448           16          14.583               370688               741376
        1448           32          29.066               741376              1482752
        1448           64          58.027              1482752              2965504
        1448          128         115.948              2965504              5931008
        1448          256         231.788              5931008             11862016
        1448          512         463.468             11862016             23724032
        1448         1024         926.829             23724032             47448064
        2048            1           1.362                32768                65536
        2048            2           2.667                65536               131072
        2048            4           5.246               131072               262144
        2048            8          10.378               262144               524288
        2048           16          20.626               524288              1048576
        2048           32          41.109              1048576              2097152
        2048           64          82.072              2097152              4194304
        2048          128         163.993              4194304              8388608
        2048          256         327.833              8388608             16777216
        2048          512         655.513             16777216             33554432
        2048         1024        1310.873             33554432             67108864
        2896            1           1.926                46336                92672
        2896            2           3.771                92672               185344
        2896            4           7.418               185344               370688
        2896            8          14.676               370688               741376
        2896           16          29.166               741376              1482752
        2896           32          58.131              1482752              2965504
        2896           64         116.054              2965504              5931008
        2896          128         231.896              5931008             11862016
        2896          256         463.576             11862016             23724032
        2896          512         926.937             23724032             47448064
        2896         1024        1853.657             47448064             94896128
        4096            1           2.723                65536               131072
        4096            2           5.333               131072               262144
        4096            4          10.492               262144               524288
        4096            8          20.757               524288              1048576
        4096           16          41.251              1048576              2097152
        4096           32          82.219              2097152              4194304
        4096           64         164.143              4194304              8388608
        4096          128         327.985              8388608             16777216
        4096          256         655.666             16777216             33554432
        4096          512        1311.027             33554432             67108864
        4096         1024        2621.747             67108864            134217728
        5793            1           3.852                92688               185376
        5793            2           7.543               185376               370752
        5793            4          14.839               370752               741504
        5793            8          29.356               741504              1483008
        5793           16          58.342              1483008              2966016
        5793           32         116.283              2966016              5932032
        5793           64         232.149              5932032             11864064
        5793          128         463.872             11864064             23728128
        5793          256         927.313             23728128             47456256
        5793          512        1854.194             47456256             94912512
        5793         1024        3707.954             94912512            189825024
        8192            1           5.447               131072               262144
        8192            2          10.667               262144               524288
        8192            4          20.984               524288              1048576
        8192            8          41.514              1048576              2097152
        8192           16          82.502              2097152              4194304
        8192           32         164.438              4194304              8388608
        8192           64         328.286              8388608             16777216
        8192          128         655.970             16777216             33554432
        8192          256        1311.332             33554432             67108864
        8192          512        2622.053             67108864            134217728
        8192         1024        5243.494            134217728            268435456
       11585            1           7.703               185360               370720
       11585            2          15.085               370720               741440
       11585            4          29.675               741440              1482880
       11585            8          58.708              1482880              2965760
       11585           16         116.674              2965760              5931520
       11585           32         232.546              5931520             11863040
       11585           64         464.257             11863040             23726080
       11585          128         927.663             23726080             47452160
       11585          256        1854.466             47452160             94904320
       11585          512        3708.067             94904320            189808640
       11585         1024        7415.268            189808640            379617280
       16384            1          10.894               262144               524288
       16384            2          21.333               524288              1048576
       16384            4          41.967              1048576              2097152
       16384            8          83.027              2097152              4194304
       16384           16         165.005              4194304              8388608
       16384           32         328.876              8388608             16777216
       16384           64         656.572             16777216             33554432
       16384          128        1311.940             33554432             67108864
       16384          256        2622.665             67108864            134217728
       16384          512        5244.107            134217728            268435456
       16384         1024       10486.988            268435456            536870912
       23170            1          15.406               370720               741440
       23170            2          30.169               741440              1482880
       23170            4          59.349              1482880              2965760
       23170            8         117.416              2965760              5931520
       23170           16         233.347              5931520             11863040
       23170           32         465.091             11863040             23726080
       23170           64         928.514             23726080             47452160
       23170          128        1855.326             47452160             94904320
       23170          256        3708.932             94904320            189808640
       23170          512        7416.135            189808640            379617280
       32768            1          21.787               524288              1048576
       32768            2          42.667              1048576              2097152
       32768            4          83.934              2097152              4194304
       32768            8         166.054              4194304              8388608
       32768           16         330.009              8388608             16777216
       32768           32         657.752             16777216             33554432
       32768           64        1313.144             33554432             67108864
       32768          128        2623.881             67108864            134217728
       32768          256        5245.329            134217728            268435456
       32768          512       10488.213            268435456            536870912
       46341            1          30.812               741456              1482912
       46341            2          60.340              1482912              2965824
       46341            4         118.701              2965824              5931648
       46341            8         234.836              5931648             11863296
       46341           16         466.704             11863296             23726592
       46341           32         930.203             23726592             47453184
       46341           64        1857.068             47453184             94906368
       46341          128        3710.732             94906368            189812736
       46341          256        7418.024            189812736            379625472
       65536            1          43.574              1048576              2097152
       65536            2          85.333              2097152              4194304
       65536            4         167.869              4194304              8388608
       65536            8         332.108              8388608             16777216
       65536           16         660.019             16777216             33554432
       65536           32        1315.504             33554432             67108864
       65536           64        2626.289             67108864            134217728
       65536          128        5247.762            134217728            268435456
       65536          256       10490.658            268435456            536870912
       92682            1          61.624              1482912              2965824
       92682            2         120.680              2965824              5931648
       92682            4         237.403              5931648             11863296
       92682            8         469.672             11863296             23726592
       92682           16         933.409             23726592             47453184
       92682           32        1860.405             47453184             94906368
       92682           64        3714.137             94906368            189812736
       92682          128        7421.464            189812736            379625472
      131072            1          87.149              2097152              4194304
      131072            2         170.667              4194304              8388608
      131072            4         335.738              8388608             16777216
      131072            8         664.216             16777216             33554432
      131072           16        1320.038             33554432             67108864
      131072           32        2631.007             67108864            134217728
      131072           64        5252.577            134217728            268435456
      131072          128       10495.523            268435456            536870912
      185364            1         123.247              2965824              5931648
      185364            2         241.359              5931648             11863296
      185364            4         474.805             11863296             23726592
      185364            8         939.345             23726592             47453184
      185364           16        1866.818             47453184             94906368
      185364           32        3720.810             94906368            189812736
      185364           64        7428.274            189812736            379625472
      262144            1         174.298              4194304              8388608
      262144            2         341.333              8388608             16777216
      262144            4         671.475             16777216             33554432
      262144            8        1328.432             33554432             67108864
      262144           16        2640.076             67108864            134217728
      262144           32        5262.015            134217728            268435456
      262144           64       10505.154            268435456            536870912
      370728            1         246.495              5931648             11863296
      370728            2         482.719             11863296             23726592
      370728            4         949.611             23726592             47453184
      370728            8        1878.689             47453184             94906368
      370728           16        3733.635             94906368            189812736
      370728           32        7441.620            189812736            379625472
      524288            1         348.596              8388608             16777216
      524288            2         682.667             16777216             33554432
      524288            4        1342.951             33554432             67108864
      524288            8        2656.865             67108864            134217728
      524288           16        5280.152            134217728            268435456
      524288           32       10524.029            268435456            536870912
      741455            1         492.989             11863280             23726560
      741455            2         965.436             23726560             47453120
      741455            4        1899.219             47453120             94906240
      741455            8        3757.373             94906240            189812480
      741455           16        7467.260            189812480            379624960
     1048576            1         697.191             16777216             33554432
     1048576            2        1365.333             33554432             67108864
     1048576            4        2685.902             67108864            134217728
     1048576            8        5313.730            134217728            268435456
     1048576           16       10560.303            268435456            536870912
     1482910            1        1154.764             23726560             47453120
     1482910            2        2286.120             47453120             94906240
     1482910            4        4419.162             94906240            189812480
     1482910            8        9004.912            189812480            379624960
     2097152            1        1817.484             33554432             67108864
     2097152            2        3562.924             67108864            134217728
     2097152            4        7113.799            134217728            268435456
     2097152            8       13760.623            268435456            536870912
     2965821            1        2760.346             47453136             94906272
     2965821            2        5091.732             94906272            189812544
     2965821            4       10019.119            189812544            379625088
     4194304            1        3668.344             67108864            134217728
     4194304            2        7231.310            134217728            268435456
     4194304            4       14441.607            268435456            536870912
     5931642            1        5244.486             94906272            189812544
     5931642            2       10054.927            189812544            379625088
     8388608            1        7469.960            134217728            268435456
     8388608            2       14560.521            268435456            536870912
    11863283            1       10728.544            189812528            379625056
    16777216            1       14698.043            268435456            536870912
