# Image list with two lines of data per image:
#   IMAGE_ID, QW, QX, QY, QZ, TX, TY, TZ, CAMERA_ID, NAME
#   POINTS2D[] as (X, Y, POINT3D_ID)
# Number of images: 6, mean observations per image: 7.1667
1 1.0 0.0 0.0 0.0 0.0 0.0 0.0 1 IMG_0001.jpg
500.5 300.2 1 1200.3 450.7 2 800.1 600.9 3 1500.6 200.4 5 350.8 800.3 7 1100.2 900.5 10 960.0 540.0 14 1800.5 100.3 -1
2 0.9961947 0.0 0.0871557 0.0 0.5 0.0 0.1 1 IMG_0002.jpg
520.3 310.5 1 790.5 620.1 3 1350.2 700.8 4 370.1 790.6 7 1600.4 350.2 8 900.7 480.3 12 1100.0 550.0 15
3 0.9914449 0.1305262 0.0 0.0 -0.3 0.2 0.5 2 IMG_0003.jpg
600.2 400.5 1 1300.5 550.3 2 1450.8 800.2 4 700.3 1100.6 5 300.1 700.4 6 1800.6 300.9 9 1024.0 1200.5 11 850.3 500.1 12 1150.7 950.8 15
4 0.9848078 0.0 0.0 0.1736482 0.8 -0.3 0.2 2 IMG_0004.jpg
820.4 650.3 3 680.1 1050.7 5 1780.3 350.6 9 1150.5 880.2 10 400.6 1300.1 13 1200.8 950.4 15
5 0.9238795 0.0 0.3826834 0.0 1.5 0.3 -0.2 3 IMG_0005.jpg
1180.6 430.2 2 780.3 580.5 3 320.7 750.1 6 1580.2 320.8 8 1750.5 280.4 9 1000.1 1050.3 11 450.8 900.6 13 1100.4 550.7 15
6 0.9659258 0.1830127 0.0 0.1830127 0.0 0.5 1.0 3 IMG_0006.jpg
1380.5 680.3 4 720.2 1020.6 5 340.8 730.4 6 1550.1 350.7 8 1130.6 860.2 10 940.3 520.8 14
