# 3D point list with one line of data per point:
#   POINT3D_ID, X, Y, Z, R, G, B, ERROR, TRACK[] as (IMAGE_ID, POINT2D_IDX)
# Number of points: 15, mean track length: 2.8667
1 0.5 0.3 8.0 128 130 125 0.85 1 0 2 0 3 0
2 -0.3 0.1 7.5 200 195 180 1.12 1 1 3 1 5 0
3 0.1 -0.2 6.0 150 155 160 0.73 1 2 2 1 4 0 5 1
4 0.8 0.5 9.0 100 105 110 1.45 2 2 3 2 6 0
5 -0.5 -0.4 7.0 180 175 170 0.92 1 3 3 3 4 1 6 1
6 -1.0 0.2 8.5 220 215 210 1.33 3 4 5 2 6 2
7 0.3 0.6 5.5 140 142 138 0.65 1 4 2 3
8 1.2 -0.1 10.0 90 95 88 1.78 2 4 5 3 6 3
9 1.5 0.8 6.5 170 168 172 0.88 3 5 4 2 5 4
10 -0.2 -0.6 7.8 160 158 162 1.05 1 5 4 3 6 4
11 0.7 1.0 9.5 110 115 108 1.22 3 6 5 5
12 -0.8 0.4 6.8 190 185 192 0.95 2 5 3 7
13 0.4 -0.8 8.2 135 130 140 1.15 4 4 5 6
14 0.0 0.0 7.0 200 200 200 0.55 1 6 6 5
15 0.9 0.3 7.2 145 150 148 1.38 2 6 3 8 4 5 5 7
