23 1 10 7 3 12 2 27 19 10 6 11 7 1
17 7 11 21 7 23 23 20 11 12 9 13 4
15 14 7 0 30 4 14 2 12 14 23 22
21 26 0 27 4 24 30 5 9 17 7
19 3 30 29 25 2 8 19 1 0
1 21 16 29 13 21 23 8 9
22 24 29 23 3 14 11 6
0 20 8 20 16 29 29
18 11 23 7 3 8
16 23 23 28 11
29 21 27 27
12 23 3
19 0
12

11 4 17 8 30 25 20 9 3 23 1 22 25 10
20 19 13 23 6 11 13 29 10 26 30 4 11
25 23 9 9 5 19 22 13 5 8 5 22
19 15 22 4 3 24 29 2 19 16 19
21 9 14 27 15 30 4 3 23 30
1 9 3 11 11 28 17 17 27
18 21 3 6 26 4 12 7
5 23 7 19 30 23 25
18 1 26 2 1 27
23 22 5 1 1
15 9 16 0
18 12 4
7 16
7

26 14 29 21 29 4 13 29 23 9 19 11 5 17
27 14 29 13 16 11 9 12 15 23 6 15 30
23 24 27 29 20 28 25 12 29 21 24 2
17 6 18 26 11 24 23 15 13 1 2
30 15 8 15 1 17 6 0 5 30
21 10 15 27 30 0 5 14 1
9 4 19 10 12 14 17 29
0 18 20 13 0 26 7
19 13 22 14 3 24
8 27 21 1 9
5 27 7 16
10 24 16
2 18
6

26 18 21 3 10 29 18 5 0 21 19 7 0 15
9 2 4 3 21 30 14 11 23 24 5 17 20
10 0 0 1 12 26 0 17 22 29 10 19
21 17 25 22 28 21 27 17 25 28 3
14 21 0 16 19 22 4 22 10 17
2 25 5 9 11 24 28 24 20
14 28 27 2 3 5 22 14
26 19 10 21 7 9 10
16 11 14 12 23 11
13 13 21 6 15
12 11 9 8
16 16 23
14 26
9

23 12 25 7 27 17 12 24 28 28 24 18 13 28
30 30 6 3 29 19 16 19 6 20 23 1 5
16 14 5 13 11 2 20 25 1 24 11 27
14 25 21 27 21 6 16 22 15 2 9
12 28 20 7 28 26 10 24 18 15
20 4 14 4 29 12 27 18 29
12 27 2 29 4 8 16 11
9 5 13 8 30 18 19
14 10 1 30 24 3
15 25 14 18 15
7 23 22 2
21 8 11
30 27
8

17 2 1 14 11 3 29 26 12 25 17 13 30 30
13 19 10 9 3 14 8 19 30 8 17 10 9
28 5 27 3 26 23 6 29 23 23 6 8
19 16 13 3 28 30 18 18 1 14 5
25 20 25 19 1 28 22 3 19 18
12 16 24 12 25 8 12 14 10
27 21 22 7 5 2 30 5
10 0 30 30 9 18 23
28 22 19 10 1 2
21 27 10 23 20
21 13 22 22
28 4 13
17 4
2

19 25 15 1 10 22 23 27 11 5 14 24 13 11
1 30 9 9 2 11 29 5 26 14 6 26 25
28 12 4 26 30 19 4 26 0 18 8 1
17 3 4 22 28 24 0 16 5 12 23
23 10 9 19 19 8 14 0 11 1
13 12 20 9 28 6 30 9 25
6 29 29 13 11 28 17 4
23 2 18 7 24 26 12
18 7 26 30 6 23
0 23 0 16 10
13 2 14 1
25 17 24
12 28
27

28 4 22 7 23 13 20 12 15 20 23 23 5 2
1 30 11 19 15 1 4 8 29 1 20 24 2
19 6 20 7 23 4 25 27 19 29 28 8
20 5 20 20 21 25 17 20 3 0 1
4 14 15 12 6 24 16 19 17 29
1 1 12 20 2 11 19 3 24
12 29 4 21 18 30 6 0
12 19 17 20 24 2 7
7 27 25 13 30 1
12 9 9 10 12
10 26 1 2
19 14 3
29 9
12

27 13 22 18 30 30 18 3 16 3 1 28 15 18
27 29 12 25 20 4 28 9 18 2 29 19 2
27 12 11 12 12 8 22 23 4 21 18 7
7 26 22 29 4 1 25 18 1 20 9
2 0 12 29 27 10 14 26 9 0
21 4 5 16 7 13 18 24 23
24 19 30 27 5 6 30 2
16 25 4 6 24 21 24
16 17 18 27 20 17
22 21 22 23 18
15 19 9 8
4 14 11
5 0
18

11 10 26 30 23 3 15 16 18 27 1 9 3 15
30 28 24 6 25 15 0 6 11 4 25 14 0
8 14 12 23 14 8 20 20 12 10 18 18
22 16 3 9 13 3 5 28 2 15 1
1 13 26 20 13 16 6 21 23 15
26 28 2 28 18 7 28 20 24
8 20 28 7 20 1 0 8
5 3 13 22 10 4 24
12 13 1 13 18 28
7 12 22 29 24
21 20 1 29
30 25 9
21 30
19
