222 127 138 233 207 186 36 81 37 85 69 18 125 237 84 215
122 252 148 208 90 87 24 109 119 88 190 43 102 19 245 128
183 194 170 223 59 108 111 250 110 149 177 196 93 70 203 156
34 68 150 227 2 25 113 94 30 107 230 101 100 32 91 56
143 46 200 184 188 201 112 224 116 225 20 67 204 79 39 164
64 35 51 234 29 158 142 13 187 255 97 231 240 115 60 199
89 218 8 5 1 160 45 192 66 193 95 220 145 242 241 80
14 123 246 117 165 48 75 15 126 253 217 191 53 236 114 159
54 219 86 247 243 254 44 175 166 7 4 103 42 169 55 180
249 189 198 83 131 0 141 248 105 132 26 195 73 47 11 136
22 134 63 74 78 62 216 121 82 209 185 58 181 226 23 130
251 120 104 235 28 197 213 182 49 202 133 6 17 151 9 77
12 153 154 205 41 92 52 65 106 61 176 171 50 71 99 152
168 135 239 244 21 96 178 212 206 173 214 146 147 16 157 232
167 210 76 57 31 124 137 40 33 162 27 139 228 179 163 211
155 238 161 172 38 98 10 140 118 3 229 144 221 72 174 129
